Wildfire,Elevation,Slope,TPI,TWI,SPI,Aspect,PlanCurvature,ProfileCurvature,Texture,FieldCapacity,BulkDensity,NDVI,Sand,Clay,PISR,label
0,586,48.9805412,0.125,5.9281888,478.2113037,31.0973129,0.2888087,-0.1018163,7,39,83,0.1238368,52,12,265820.161,1
0,610,31.4904594,-1,6.6950545,294.0283508,264.1439819,0.0696163,0.8508663,7,42,101,0.1472574,51,14,578012.4636,0
1,525,15.440876,-0.125,6.135015,30.9353771,188.1300964,0.3596608,0.3596608,9,40,109,0.2263513,54,10,757956.7195,0
0,392,35.732338,0.5,5.4031043,103.5955048,2.4895523,0.4075767,-0.3736733,7,39,111,0.1155093,44,18,308542.5948,1
0,392,35.732338,0.5,5.4031043,103.5955048,2.4895523,0.4075767,-0.3736733,7,39,111,0.1155093,44,18,308542.5948,1
1,669,9.4917622,-1,8.0517454,85.6022797,127.4053574,-0.25,0.921875,7,33,111,0.1146388,49,15,660582.2027,0
0,1004,6.4895988,0.5,4.9375896,0,105.9453964,0.390625,-0.390625,9,37,111,0.161444,54,14,721837.5645,0
0,1157,24.9179153,0.625,4.9234066,22.2986794,312.2736816,-0.0176753,-0.4083003,9,35,111,0.0938945,58,10,523338.2249,0
0,415,6.4286017,-0.375,8.2792349,48.674118,33.6900673,0.1201923,-0.2704327,7,41,112,0.1673298,47,12,601817.5806,1
0,1102,14.1411104,0.375,4.2202888,0,115.7099533,0.3199084,-0.4613416,9,34,113,0.1610374,54,15,752178.7088,0
1,486,24.9241047,-0.375,7.3598471,240.7975922,75.1413879,-0.3216912,0.0689338,7,44,114,0.1474915,42,12,565064.6548,1
0,480,26.2942486,0.5,6.2051768,123.80439,54.8658066,0,0,7,42,115,0.1503426,49,10,483354.2954,1
0,487,33.9069214,-0.25,6.9045892,441.5740356,21.8014088,-0.1346983,-0.1346983,7,48,115,0.1597634,45,11,338162.4882,0
1,451,32.1376305,0.875,5.7469316,148.5398712,79.9194031,0,0,7,41,118,0.1753727,42,13,521043.3758,1
1,435,36.917572,0.75,4.1558423,24.04109,73.0724869,0.390625,-0.390625,7,41,118,0.1927897,42,13,485538.5973,1
0,1092,8.8148565,0.25,8.4888172,149.904068,135,0,0,7,34,119,0.1560069,52,15,766749.7293,0
0,1584,43.6865578,0.5,5.5497174,208.8248138,166.4295654,-0.2585148,-0.2585148,9,33,120,0.0713217,54,14,937224.7535,0
0,1458,22.7819195,2.5,3.9697173,9.649931,323.4269714,0.59375,-0.96875,7,38,120,0.0885497,50,15,465046.5323,0
0,418,4.8097205,0.125,5.2360263,0,21.8014088,0.3125,-0.078125,7,48,121,0.1927035,45,13,609990.2147,1
1,576,3.2244489,-0.5,10.7373648,147.825119,213.6900635,-0.390625,0.390625,7,45,121,0.2182833,51,11,688532.8223,0
0,1465,19.0430126,-1.125,7.3476233,195.6811371,92.4895554,-0.3663793,1.5867457,9,30,121,-0.0069273,60,12,655612.8822,0
1,485,28.9368439,-0.875,5.4428773,61.9200897,42.7093887,-0.406849,0.765026,7,27,122,0.1434787,42,13,430644.9978,1
1,622,16.2724762,0.125,8.6318607,717.0366211,78.6900711,-0.021875,-0.4125,7,34,122,0.1636985,46,12,611250.0227,0
0,1097,13.6346245,0,5.2835889,7.7619524,284.931427,0.0919118,0.0919118,9,28,122,0.1652984,54,12,666768.8325,0
1,327,3.5763345,0,8.1683779,12.9997816,270,0,0,7,29,122,0.2053083,42,15,637984.5891,0
1,406,27.6528282,0.125,4.8033323,25.1496792,2.5637696,0.3764817,0.3764817,7,26,123,0.1433712,41,17,389868.7575,1
1,473,23.8227634,0.25,6.0640965,78.385582,74.7448807,-0.051592,-0.051592,7,30,123,0.1384989,42,14,563611.6316,1
1,451,28.9610481,0.5,3.296912,0,65.8067932,0.6351806,-0.5366944,7,40,123,0.1471474,45,14,491964.6882,1
0,358,41.3882942,-0.5,5.7666078,192.0892639,51.3401909,0.5716463,0.5716463,7,41,123,0.1300364,49,10,379953.7822,1
0,343,35.3170586,-1,5.9490376,181.368576,48.5763359,0.1907527,0.9720027,7,41,123,0.131914,49,10,386401.2089,1
0,429,39.0158882,0.375,6.2505002,320.6669006,37.8749847,0.4001524,-0.3810976,7,40,123,0.1371072,47,13,328013.7976,1
0,1254,28.7468185,-0.375,6.3456564,207.1546173,81.2538376,0.4096284,-1.1528716,9,23,123,0.1358089,53,13,613660.7095,0
1,552,4.8097205,-0.125,9.1159945,54.9990768,90,0,-0.390625,7,28,124,0.1926336,44,12,654735.376,1
0,1415,26.7098866,-0.375,4.5560746,16.1009293,53.8418159,-0.3339916,0.0566334,7,29,124,0.054305,49,16,558586.429,0
1,825,7.3419414,-0.375,9.0186958,136.0601807,194.0362396,-0.3676471,0.0229779,7,29,124,0.1916077,48,12,746110.4872,0
1,461,22.1684456,0.75,5.613903,39.1144867,32.4711914,0.7444853,-0.0367647,7,31,125,0.1074154,42,14,474322.4934,1
1,497,28.1683388,-1.75,6.614203,205.6217957,66.8014069,-0.6506147,1.3025103,7,29,125,0.1400406,40,12,502641.061,1
1,510,30.3164635,-0.25,5.4671779,60.4308357,55.6196556,-1.3521634,0.6009616,7,29,125,0.1400406,40,12,467177.1582,1
1,542,22.6111221,1.375,4.74472,13.3273554,336.8014221,0.546875,-1.015625,7,29,125,0.1042202,40,12,463919.2001,1
1,443,23.6829605,0.125,6.4276776,112.2832413,85.9143829,0.360882,-0.029743,7,30,125,0.1369153,43,13,590610.1283,1
1,920,14.7645111,-0.125,7.628696,139.1513519,168.0238647,-0.0459559,-0.0459559,7,27,125,0.18161,50,14,793693.3126,0
1,853,16.0722599,0.375,6.75103,62.6576958,125.9097214,0.4830025,-0.2982475,7,40,125,0.1954376,45,17,748270.2433,0
0,917,9.3274584,-0.25,8.6837854,157.6757812,115.3461761,-0.0134698,-0.4040948,7,35,125,0.2057575,52,12,726297.2805,0
1,590,16.0722599,0.375,5.9943604,26.7062702,231.8427734,0.390625,-0.390625,7,38,125,0.2099603,50,16,722685.9627,0
1,785,19.480011,-0.125,8.7289972,769.6938477,239.4702911,0.0861673,0.0861673,7,25,126,0.1681726,40,18,713405.469,1
1,549,24.7748814,0.125,5.3354049,36.9219322,56.0409393,-0.0901442,-0.0901442,7,27,126,0.1345904,42,12,511551.7889,1
1,475,21.2355518,0.5,4.8138838,12.4346018,30.1735191,0.171676,-0.218949,7,28,126,0.0984885,43,16,482421.0265,1
1,480,19.6112289,0.5,5.068799,19.2747879,37.0928383,0.8765244,-0.6859756,7,28,126,0.0999195,43,16,487361.7525,1
1,789,18.6018333,-1,9.5250072,1550.899536,248.1985931,-0.78125,0.78125,7,26,126,0.159818,41,18,694035.9787,1
1,1083,22.2418804,-0.125,4.4404693,6.0206876,221.6335449,0.6088362,-0.5630388,7,30,126,0.1904826,51,12,811471.2851,0
0,684,21.1728725,0.25,6.4265575,86.7602921,41.7295113,0.2693965,-0.1212284,9,31,126,0.1404844,54,13,515753.6197,0
0,561,39.5360451,-0.25,4.5727344,52.8239403,342.9371338,0.02041,0.411035,7,41,126,0.1296655,51,12,269490.0512,0
1,746,2.2812335,0,6.7492962,1.7677373,171.8699036,0,0,7,29,126,0.1482009,44,12,711321.0972,0
1,771,32.0134277,0.375,5.4412117,79.7604904,82.0730743,0.4106815,0.0200565,7,26,127,0.1706133,45,13,576285.7209,1
0,500,25.8794365,-0.625,5.7615685,44.9915276,346.5042725,-0.3050386,0.4762114,7,34,127,0.1210023,43,11,450932.327,1
0,495,25.6265697,1,4.8156881,24.8402557,28.8865814,0.6947448,-0.4771302,7,26,127,0.1454714,48,10,425072.4105,1
0,481,24.2607994,0,5.7595119,57.9816551,32.3196144,0.0901442,0.0901442,7,26,127,0.1484467,44,11,457222.4099,1
1,414,28.623848,1.125,4.0695052,8.7319508,13.2405195,0.7607582,-0.4111168,7,27,127,0.1433712,42,17,386339.1955,1
1,771,32.0134277,0.375,5.4412117,79.7604904,82.0730743,0.4106815,0.0200565,7,26,127,0.1706133,45,13,576285.7209,1
0,500,25.8794365,-0.625,5.7615685,44.9915276,346.5042725,-0.3050386,0.4762114,7,34,127,0.1210023,43,11,450932.327,1
1,512,3.2244489,-0.75,13.7720261,3091.708252,213.6900635,-0.5859375,0.1953125,7,29,127,0.2052268,44,16,678338.5769,0
0,1492,33.8925819,-0.375,5.8079982,139.7281189,8.6955023,-0.2539062,0.5273438,7,30,127,-0.0187272,50,17,341764.6223,0
1,541,12.6993036,0,6.2042022,21.6329346,146.3099365,0,0,7,29,127,0.2026588,43,15,731266.4189,0
0,586,22.0279598,-1.75,5.429513,33.5985718,189.6375427,-0.4268346,1.9169154,7,34,127,0.2215983,50,14,793229.0854,0
1,634,19.9725742,0.5,3.7820325,0,64.5366516,0.390625,-0.390625,7,28,128,0.1554509,47,15,563947.6947,1
1,637,15.2034283,0.25,4.0717759,0,108.4349518,0.2782534,-0.1123716,7,27,128,0.1856237,47,16,678638.8138,1
1,633,20.0910988,0.625,3.7756221,0,70.0168915,0.7356296,-0.4362454,7,28,128,0.1495528,47,15,577854.454,1
1,634,19.9725742,0.5,3.7820325,0,64.5366516,0.390625,-0.390625,7,28,128,0.1554509,47,15,563947.6947,1
1,381,9.4917622,-1,4.9470305,0,33.6900673,0.0600962,0.4507211,7,28,128,0.1092424,42,12,573752.9312,1
0,420,28.2341862,0,7.1537728,360.832489,98.3658829,-0.3001783,-0.3001783,7,28,128,0.24554,47,12,616881.816,1
0,461,22.1094494,-0.375,7.5627556,311.9942017,22.6198635,-0.3328402,0.0577848,7,31,128,0.1501107,42,15,458366.8357,1
0,321,1.8984097,0.375,6.1497259,0,45,0.2929688,-0.4882812,7,27,128,0.2230162,46,13,631611.4696,0
0,1336,23.8558712,-0.875,4.7503285,26.5212765,236.5346222,0.3305289,0.7211539,9,29,128,0.1328229,55,13,785034.7297,0
1,901,22.9228477,-0.125,4.3240442,6.766058,205.1447906,-0.078125,-0.078125,7,29,128,0.1664355,51,10,806750.0369,0
1,486,7.6808319,0.25,7.4474492,35.5750198,251.5650482,-0.390625,0.390625,7,30,128,0.1831488,44,14,672981.7225,0
1,759,14.9614725,0.125,4.0717759,0,108.4349518,0.2782534,-0.1123716,7,39,128,0.2059252,49,10,699923.1395,0
1,826,1.7899107,-0.375,8.6047373,4.9999161,180,0,0.390625,7,29,128,0.2003195,52,14,709392.8586,0
1,616,14.1671858,0.125,4.1452756,0,68.1985931,0.3424658,-0.0481592,7,29,129,0.1654665,46,17,605595.7933,1
1,667,22.1094494,0.375,5.7311974,46.3823891,91.080925,0,0.390625,7,28,129,0.1635476,45,14,629663.2854,1
1,643,18.9885921,-1.125,7.574183,225.7287598,92.602562,0,1.171875,7,28,129,0.1812684,45,14,635402.4962,1
1,655,17.4353447,-0.375,9.1575594,976.3358154,274.184906,0.3674195,-0.0232054,7,28,129,0.1665458,44,12,627213.412,1
1,655,17.8053989,0.25,9.1575594,976.3358154,274.184906,0.3674195,-0.0232054,7,28,129,0.1665458,44,12,627213.412,1
1,654,18.6111641,-0.625,7.4133921,183.1909332,273.9909058,-0.4082351,0.3730149,7,28,129,0.1669451,44,12,624009.6784,1
1,649,17.8053989,0.25,8.01616,308.3165588,274.184906,0.3674195,-0.0232054,7,28,129,0.1735104,44,12,624829.6173,1
1,649,17.8053989,0.25,8.01616,308.3165588,274.184906,0.3674195,-0.0232054,7,28,129,0.1735104,44,12,624829.6173,1
1,663,14.7645111,0.125,6.4049206,37.9503708,281.9761353,0.0459559,0.0459559,7,28,129,0.1641615,44,12,625298.3583,1
1,659,17.3743992,0.25,6.3193679,50.5584679,278.5307617,0.3944926,-0.7773824,7,28,129,0.1641615,44,12,619758.5387,1
1,407,29.2106972,0.375,6.2304559,136.8183441,74.7448807,-0.0204918,0.3701332,7,29,129,0.1418863,41,14,531750.3926,1
1,404,22.4962158,-0.25,4.344903,6.6260557,54.2110252,-0.2280405,0.1625845,7,29,129,0.1384291,41,14,505195.4118,1
1,446,1.7899107,0.125,18.3504124,93938.92969,270,-0.78125,0.390625,7,30,129,0.176237,44,12,606942.5553,1
1,507,31.9085331,0.125,4.3045402,20.7148933,72.4397278,0.2870963,-0.1035287,7,27,129,0.1355215,43,11,508777.0657,1
1,523,29.6061821,0.75,3.3360939,0,71.5650482,0.7992789,-0.3725961,7,27,129,0.1338611,43,11,528138.8766,1
0,382,9.9091673,0,8.9517117,173.1155243,62.1027298,-0.703125,0.859375,7,37,129,0.2095151,49,10,606648.6839,1
0,484,29.1534195,0.5,6.1250911,152.0495148,54.6375389,-0.4476127,-0.0569877,7,37,129,0.1732749,46,12,457284.6948,1
0,343,4.5986633,0.25,5.28056,0,330.9454041,0.390625,0,7,25,129,0.2049361,44,13,610868.4044,0
0,1292,6.698566,0.125,5.5990372,1.8791302,183.8140717,0,0,9,28,129,0.1613587,55,16,796942.279,0
0,1005,23.3108807,0.125,6.0970912,75.8357773,315,-0.0976562,-0.0976562,7,26,129,0.1274451,51,13,528080.8167,0
0,1468,37.3664169,0.125,5.2382002,97.7423401,103.6097336,-0.0459559,-0.0459559,9,30,129,0.1090767,56,14,722098.9703,0
0,1431,10.0441513,-0.5,4.4696884,0,300.9637451,0.1838235,0.1838235,7,33,129,0.0505686,45,21,673613.1106,0
0,662,17.8053989,0.75,3.9052861,0,18.434948,0.4766342,-0.6952409,7,41,129,0.1556855,46,13,517858.454,0
1,665,3.2244489,0.125,5.6314187,0,236.3099365,0.3125,-0.078125,7,29,129,0.1765236,41,13,691456.4861,0
1,700,18.4234047,0.75,5.3289256,14.8489799,315,-0.390625,0.390625,7,30,130,0.1738081,52,10,559623.9905,1
1,719,20.5968685,0,4.8472257,12.0257931,316.6846924,-0.2693965,0.1212284,7,30,130,0.1685532,52,10,529351.3116,1
1,618,15.9935741,-0.625,6.9784884,64.6208496,68.1985931,-0.390625,0.390625,7,29,130,0.1648126,47,15,604748.6661,1
1,637,20.0995293,-0.625,9.2941055,1593.465332,281.76828,0.2757353,-0.1148897,7,31,130,0.1692514,43,17,593493.2207,1
1,539,23.0903149,0.625,5.5687013,40.9275246,256.2184143,0.4334182,-0.3478318,7,35,130,0.1895413,43,10,662420.8718,1
0,462,22.8172703,-0.5,6.2009797,80.7759628,15.0684872,-0.390625,0.390625,7,31,130,0.1571336,41,15,443412.0147,1
1,700,18.4234047,0.75,5.3289256,14.8489799,315,-0.390625,0.390625,7,30,130,0.1738081,52,10,559623.9905,1
1,719,20.5968685,0,4.8472257,12.0257931,316.6846924,-0.2693965,0.1212284,7,30,130,0.1685532,52,10,529351.3116,1
1,588,17.9233475,-0.125,7.1241617,123.3266296,48.9451866,0.318031,-0.072594,7,33,130,0.1556111,50,13,549676.9059,0
0,1098,11.4819918,0,8.3840446,179.2749786,122.4711914,-0.3429878,0.0476372,9,37,130,0.1632445,54,13,740095.0648,0
0,1648,24.2220573,-0.75,7.5009861,359.8976746,200.3231354,-0.2597455,0.5215045,7,30,130,0.1021845,53,15,918787.632,0
1,610,18.90658,-1.375,5.6329203,27.3998909,315,-0.4882812,1.0742188,7,32,130,0.1669579,47,17,520632.9958,0
0,762,1.7899107,-0.375,7.8162799,1.9999665,90,0,0.390625,7,30,130,0.2251073,48,14,688080.7223,0
0,570,22.6967525,-0.375,7.4044657,321.75177,323.5307617,0.1991801,-0.5820699,7,35,131,0.1124941,47,10,467668.9554,1
1,645,15.6161299,-0.75,8.0835028,225.2460632,61.9275131,-0.6850961,0.4867789,7,29,131,0.15747,48,14,594543.3425,1
1,645,15.6161299,-0.75,8.0835028,225.2460632,61.9275131,-0.6850961,0.4867789,7,29,131,0.15747,48,14,594543.3425,1
1,665,17.4353447,-0.375,6.5887308,63.8925743,97.3057632,0.3674195,-0.0232054,7,28,131,0.166662,44,17,662692.8996,1
1,474,25.9493084,0,5.6663713,63.6540909,43.7269707,-0.5859375,0.1953125,7,32,131,0.124142,43,12,453729.6135,1
1,505,31.9449196,-0.125,5.4405847,79.8106232,52.1250153,-0.09375,-0.09375,7,32,131,0.1289404,43,12,441622.5057,1
1,417,33.1740112,-0.25,5.9041862,146.4333191,75.4655457,-0.4136029,-0.0229779,7,27,131,0.1534011,38,17,514425.0778,1
0,480,35.1086845,-0.375,5.3268366,89.4407806,79.6951523,-0.78125,0.78125,7,30,131,0.1935832,49,9,525769.8521,1
0,570,22.6967525,-0.375,7.4044657,321.75177,323.5307617,0.1991801,-0.5820699,7,35,131,0.1124941,47,10,467668.9554,1
0,1554,17.4353447,-0.875,6.5666604,65.3230209,5.7105923,-0.3558168,0.8160582,7,34,131,-0.0427585,51,15,509195.0612,0
0,899,10.6196556,0,11.9555178,5498.905762,0,0,0,7,26,131,0.0955716,46,19,593884.8418,0
1,864,7.3685889,-0.125,7.5465078,20.892231,291.0375061,-0.3320312,0.4492188,7,32,131,0.171451,48,14,674763.8495,0
0,1206,36.9443283,-1,5.0021691,72.1934204,227.526123,-0.477289,0.694586,9,29,131,0.1764072,54,16,774637.781,0
1,857,10.7627411,0.375,5.1537776,2.9421,257.7352295,0.4117399,0.0211149,7,31,131,0.1492033,46,14,702212.5924,0
1,653,7.782001,0.125,9.2098999,185.858429,120.9637604,0.078125,0.078125,7,30,131,0.1678738,39,15,703146.1285,0
1,662,9.5525942,-0.375,6.1582069,10.7701454,158.1985931,-0.0538793,0.3367457,7,41,131,0.2390284,49,11,739710.1147,0
0,1384,24.5484257,0.25,5.8566308,65.7703705,192.847702,0.4134909,0.0228659,7,31,131,0.133907,49,17,895720.5551,0
1,666,23.6293774,0.5,6.4302163,111.9978867,90,0,-0.78125,7,29,132,0.1772793,48,13,623758.4915,1
1,655,20.2003231,0.25,7.1019468,158.9449158,86.3477783,0.4040948,0.0134698,7,29,132,0.1996898,48,13,621162.3625,1
1,653,17.2002487,-0.125,8.8179035,594.9717407,283.6712952,0.0597426,-0.3308823,7,29,132,0.1670287,43,12,609742.6214,1
1,658,16.8768864,0.25,4.6552234,4.8540359,281.8886414,0,0,7,29,132,0.1575446,43,12,612562.9014,1
1,661,16.2724762,-0.5,8.1347914,273.7194824,279.4623108,-0.390625,0.390625,7,29,132,0.1723895,43,12,622824.2579,1
1,659,16.393364,0,8.4700785,409.5054626,280.7131348,-0.0597426,0.3308823,7,29,132,0.1815209,43,12,618252.177,1
1,655,16.950573,-0.125,7.7167521,214.9961853,270,0,0,7,29,132,0.1692638,43,13,638004.303,1
1,756,26.0304489,0.25,6.1849952,95.7767258,165.2564392,0.051592,0.051592,7,26,132,0.1993881,46,12,816602.2919,1
0,387,39.8651695,-1.375,9.2450418,7215.070801,340.8870239,-1.019996,0.542504,7,40,132,0.1251606,42,9,257223.0567,1
1,518,3.9971669,-0.375,11.7554646,567.4436035,315,0,0,7,28,132,0.1730453,39,16,639951.6936,1
1,510,9.5525942,-0.375,6.6591449,18.2702255,343.3007507,-0.0538793,0.3367457,7,28,132,0.1670242,39,16,584988.4775,1
1,644,18.7226543,0.25,3.8516455,0,64.0256042,0.390625,0,7,25,132,0.1682027,43,13,580706.9733,0
1,580,1.7899107,0.375,7.8162799,1.9999665,270,0,-0.390625,7,29,132,0.2032021,47,9,667337.3586,0
1,791,1.7899107,0.375,7.5931363,1.4999748,90,0,-0.390625,7,28,132,0.1848311,46,15,691096.6547,0
1,811,17.9233475,-0.125,6.2008424,46.574707,217.1466827,0.09375,0.09375,7,29,132,0.2207941,48,13,777810.946,0
1,978,12.2778902,0.375,4.2929754,0,21.0375099,0.3125,-0.078125,7,31,132,0.1251964,47,13,601455.5453,0
1,579,32.2053452,-0.75,6.4913712,251.9402924,119.7448807,0.313237,1.0944871,7,26,132,0.1173598,41,14,671483.4086,0
0,1449,25.1636925,0,5.6053915,52.6155319,176.1859283,0.3871681,0.3871681,7,28,132,0.1308572,52,15,905516.6259,0
1,835,12.83144,-0.375,6.7325439,40.0870972,112.1663437,-0.3199084,0.4613416,7,34,132,0.2490299,48,10,719323.6972,0
1,759,7.5782466,0.625,5.3231797,2.481137,139.0856171,0.15625,-0.234375,7,35,132,0.2146747,47,13,734839.8906,0
0,901,9.2650385,-0.5,6.6591449,18.2702255,253.3007507,-0.390625,0.390625,7,25,132,0.1145436,49,14,701988.0621,0
1,608,5.9836473,-0.125,5.7118092,1.6770226,116.5650482,-0.1201923,0.2704327,7,33,132,0.1907155,44,12,690302.525,0
0,540,29.568922,0.25,6.2820449,163.3969116,51.7098351,0.3364058,-0.0542192,7,30,133,0.1530379,47,9,459766.1057,1
1,605,19.5850773,0,6.6935849,96.7732697,98.8418121,0.046875,-0.34375,7,29,133,0.1930941,44,11,662405.2381,1
0,461,14.1541548,-0.875,6.7852879,52.4541245,16.1892052,-0.0919118,0.6893382,7,31,133,0.1692708,41,9,526518.9238,1
0,502,24.4913101,-2,8.2328062,179.6316681,27.474432,-0.390625,1.953125,7,30,133,0.1247354,47,9,535839.2074,1
0,455,27.5055466,-0.25,5.724833,60.032177,60.0183601,0.0670601,0.4576851,7,25,133,0.1753727,51,12,511713.986,1
0,452,26.2543793,-0.125,5.724833,60.032177,60.0183601,0.0670601,0.4576851,7,25,133,0.1753727,51,12,511713.986,1
0,495,20.8795948,0.875,5.3431897,24.4126625,55.0079803,0.3355705,-0.8363045,7,25,133,0.1478928,51,12,534857.7875,1
1,613,16.1727467,0.5,5.1803684,8.609436,244.1790161,0.078125,-0.703125,7,33,133,0.2215294,46,13,698411.0947,1
1,632,10.9212618,0.375,4.4127374,0,238.2405243,0.3044577,-0.4767923,7,33,133,0.1905816,46,13,705159.1644,1
1,639,9.9091673,0.5,4.5466309,0,256.6075134,0.4281851,-0.3530649,7,33,133,0.1687236,46,13,681649.8519,1
1,578,14.4631138,-0.125,7.168323,82.5364304,88.2642975,0,0,7,32,133,0.1778423,41,13,626495.5599,1
1,579,15.440876,-0.625,6.7636232,61.8707542,81.8698959,-0.3691882,0.4120618,7,32,133,0.1794797,41,13,614663.3532,1
1,389,30.7518959,-0.375,5.8236632,83.1022186,74.2913589,-0.4253781,0.7464969,7,28,133,0.1525347,39,15,529177.6104,1
1,525,8.5462551,0.375,4.661252,0,351.0273743,0.3530649,-0.4281851,7,26,133,0.1532311,42,14,590488.1757,1
1,529,8.8806591,-0.375,10.0863562,587.4899902,0,0,0.390625,7,27,133,0.1660182,42,15,587032.8791,1
1,518,5.6437125,-0.75,6.5331941,7.3822865,331.6992493,-0.0300481,0.3605769,7,26,133,0.1609928,42,14,612541.6292,1
1,522,6.4286017,-0.375,7.8914695,32.4494133,326.3099365,-0.1201923,0.2704327,7,26,133,0.1673406,42,14,616542.5057,1
0,540,29.568922,0.25,6.2820449,163.3969116,51.7098351,0.3364058,-0.0542192,7,30,133,0.1530379,47,9,459766.1057,1
1,605,19.5850773,0,6.6935849,96.7732697,98.8418121,0.046875,-0.34375,7,29,133,0.1930941,44,11,662405.2381,1
0,461,14.1541548,-0.875,6.7852879,52.4541245,16.1892052,-0.0919118,0.6893382,7,31,133,0.1692708,41,9,526518.9238,1
0,502,24.4913101,-2,8.2328062,179.6316681,27.474432,-0.390625,1.953125,7,30,133,0.1247354,47,9,535839.2074,1
0,798,5.0902562,0.375,9.4330511,112.529213,279.4623108,-0.390625,0.390625,7,28,133,0.1558121,50,16,664800.8735,0
1,728,3.9971669,-0.375,7.3653231,6.7080908,206.5650482,-0.3125,0.078125,7,30,133,0.186536,45,16,711771.6634,0
1,1027,16.0273533,0,4.0360332,0,109.440033,0.390625,-0.390625,7,29,133,0.1991905,48,14,735576.5773,0
1,722,8.9242411,0.5,4.6175804,0,95.7105942,0.390625,-0.390625,7,31,133,0.1989285,49,13,683111.3591,0
0,603,6.9294004,0.625,6.2582669,5.8335323,225,0.4882812,-0.2929688,7,27,133,0.2065491,47,12,703843.4322,0
0,1299,8.1735535,0.125,5.399322,2.298058,157.619873,0.078125,0.078125,7,30,133,0.0702968,46,21,792856.9946,0
1,604,27.5266666,0.625,3.376358,0,336.370636,0.3278688,-0.0627562,7,29,133,0.1341695,45,14,407629.5057,0
0,1388,17.4353447,0.375,6.1248279,40.1987801,5.7105923,0.3867574,-0.0038676,9,30,133,0.0406341,54,13,552853.8301,0
1,815,5.0902562,0.125,6.565999,4.2755861,307.8749695,0.0976562,0.0976562,7,26,133,0.1528868,42,12,665264.7686,0
0,466,21.5451584,-0.5,5.3088379,25.2680912,62.9279213,0.1567476,0.5473726,7,29,134,0.1921076,43,13,544540.6545,1
0,473,23.8690948,-0.375,6.6442318,79.7246628,41.1859245,0.1659292,0.5565542,7,28,134,0.1640104,47,11,521751.9826,1
1,657,21.9086628,-0.5,7.8856893,424.6868896,82.1847076,0.0203215,0.4109465,7,31,134,0.1914275,46,13,602730.6067,1
1,577,10.0249882,-0.25,5.3764272,7.0709457,225,-0.1953125,0.5859375,7,31,134,0.1963794,43,11,721878.9508,1
1,564,37.9792633,0.125,6.0634146,249.8192444,71.927681,-0.0585938,-0.0585938,7,27,134,0.1660788,43,12,480883.9548,1
1,619,30.5114059,0.25,3.2212853,0,70.6768188,0.3272675,-0.4539825,7,27,134,0.1888366,43,12,510995.9118,1
1,579,9.4917622,-1,6.8578234,24.0756416,52.5946426,-0.25,0.921875,7,32,134,0.1733456,41,12,597394.5194,1
1,606,27.1044159,0,4.8267269,24.567028,77.6609116,0.0919118,0.0919118,7,26,134,0.1539315,44,13,563356.8465,1
0,472,29.0767403,0.5,4.9126706,37.5824738,356.1859131,-0.7973031,0.3745719,7,35,134,0.1418887,42,16,358163.2545,1
1,522,5.9836473,0.5,5.018662,0,333.4349365,0.390625,-0.390625,7,26,134,0.1540383,40,14,617231.0928,1
1,523,7.1250162,0,5.9426913,3.9999323,0,0,0,7,26,134,0.1683432,40,14,602729.9774,1
1,541,23.7496872,0.125,6.5870414,133.7586975,263.884491,0.3886421,-0.0019829,7,28,134,0.2338917,46,12,631476.1408,1
0,415,30.2628975,0.75,3.3096342,0,26.2219658,0.7856764,-0.3861986,7,48,134,0.1149344,46,11,359450.5318,1
1,731,15.4526339,-0.125,5.6642146,17.691494,42.7093887,-0.1654412,0.2251838,7,34,134,0.1948591,49,14,572022.2739,0
1,505,4.8097205,0.5,5.2360263,0,248.1985931,0.390625,-0.390625,7,28,134,0.1750163,39,13,672504.7302,0
1,739,26.3453674,-0.625,8.7572031,1681.034058,170.3947906,-0.3419811,0.0486439,7,28,134,0.2175103,48,12,824306.0794,0
0,861,9.2650385,0.125,6.6591449,18.2702255,106.6992416,0.0538793,-0.3367457,7,37,134,0.1520454,50,12,709315.1998,0
1,540,1.8984097,0.375,6.1497259,0,315,0.2929688,-0.4882812,7,29,134,0.2065267,44,16,654658.7222,0
1,1012,21.9086628,0.25,5.0672908,19.3039494,277.8152771,0.0383851,-0.3522399,7,29,134,0.170539,51,14,648208.6892,0
0,1130,30.7084293,1.375,3.2918777,0,26.5650501,0.7104285,-0.4614465,7,30,134,0.0857547,52,14,415170.0894,0
0,1466,3.2244489,-0.125,7.2408571,3.6054907,146.3099365,-0.3125,0.078125,7,25,134,0.0509099,52,17,760913.3483,0
0,1107,6.5799975,-0.25,6.5564685,7.2109804,33.6900673,-0.1201923,0.2704327,9,26,134,0.1507072,53,15,672995.0545,0
1,840,15.6161299,0,5.1423697,8.9441147,116.5650482,0,0,9,30,134,0.2398864,55,12,730969.4998,0
0,1628,21.3523865,0,6.4818492,93.8232422,177.7093964,0,0,9,32,134,0.0370659,53,14,880599.2759,0
1,508,13.7160387,0.375,6.4328241,36.9021034,37.5685921,0.390625,-0.390625,7,34,134,0.1411718,40,13,553710.7969,0
0,530,27.574091,-0.125,6.192966,125.3283539,38.9275436,-0.1452138,0.2454112,7,27,135,0.1317275,46,11,438106.4545,1
0,469,22.2345524,-0.125,6.4979162,104.6498566,45,0.4882812,0.4882812,7,28,135,0.1750108,44,12,497988.6147,1
0,474,24.8993301,0,6.7553811,137.4030914,46.5481567,-0.390625,1.171875,7,28,135,0.1726503,44,12,497949.9559,1
0,478,26.0188828,0,6.7293386,183.2176666,50.3145447,0.0960553,0.0960553,7,28,135,0.1662997,44,12,485208.6102,1
0,481,24.6242657,0.625,7.0162907,227.3363495,60.3762512,0.3090955,-0.4721545,7,28,135,0.2075542,44,12,521232.154,1
1,672,20.2671432,-0.25,5.5390816,30.1034374,265.2363586,0.387931,-0.002694,7,27,135,0.1565238,43,14,646076.6103,1
1,666,20.2003231,0.25,6.7141814,105.9632721,266.3477783,0.4040948,0.0134698,7,27,135,0.1603945,43,14,641483.0536,1
1,660,16.1281796,-0.5,9.6008883,1235.304077,268.4518433,0,0.390625,7,27,135,0.1655109,43,14,644956.9694,1
1,665,15.8004942,0.5,6.1108966,31.6932888,263.6598206,0.4334985,-0.3477515,7,27,135,0.1731037,43,14,658308.8314,1
1,664,14.7645111,0.125,5.1323509,9.0344963,255.5792236,0.0229779,0.4136029,7,27,135,0.1688787,43,14,676305.2283,1
1,536,13.9966822,0.25,6.103745,23.9291668,327.8042603,0.0120192,-0.3786058,7,27,135,0.1600267,43,13,552235.4264,1
1,454,21.1493034,-0.375,6.0223112,55.7063599,46.6365776,-0.3663793,0.0242457,7,34,135,0.1196161,44,14,506320.4205,1
1,431,11.3989887,-0.25,4.3125978,0,203.7494965,0.546875,0.15625,8,28,135,0.1693983,37,13,720075.5636,1
1,566,21.7582397,-0.625,8.705862,957.8853149,40.2363586,-1.1432927,-0.3620427,7,33,135,0.1292202,44,12,481648.5345,1
1,606,22.8172703,0.125,3.6360307,0,248.1985931,0.3328402,-0.0577848,7,29,135,0.1522067,44,13,665849.5715,1
1,458,15.6277294,-1.125,6.0019469,69.5058899,307.6942444,-0.0337838,1.1380912,7,34,135,0.1287722,42,11,479662.9555,1
1,591,20.6213112,0.125,6.9070382,129.2769012,91.2188721,0,0,7,27,135,0.14177,41,15,628831.3166,1
1,596,23.8227634,0.25,5.9857559,70.6430206,103.2985687,0.3334604,-0.0571646,7,27,135,0.1760708,41,15,659418.8676,1
1,646,14.4503946,-1,7.1204472,78.3376465,255.9637604,-0.78125,0.78125,7,28,135,0.2445024,46,12,675039.6954,1
0,484,29.2535267,0.125,5.6205144,66.6470184,27.718502,0.1567907,0.5474157,7,26,135,0.1323206,44,13,405093.9106,1
0,502,36.6566086,0.875,4.1653266,23.8138523,4.2141776,0.8243535,0.0431034,7,26,135,0.1440303,44,13,297899.9419,1
0,492,15.3464241,-0.625,7.3200879,109.7741089,94.8990936,-0.4120618,0.3691882,7,31,135,0.2038804,49,11,623428.787,1
0,530,27.574091,-0.125,6.192966,125.3283539,38.9275436,-0.1452138,0.2454112,7,27,135,0.1317275,46,11,438106.4545,1
1,493,8.1973724,-0.75,7.3602386,82.0389633,256.4295654,-0.493809,0.678066,7,28,135,0.1138146,39,14,653723.1065,0
0,697,21.078373,0.625,5.109695,18.5005054,287.7004395,0.1367188,-0.6445312,7,28,135,0.1669714,49,14,592356.8196,0
1,785,8.9891911,-0.25,6.0924692,6.8941741,22.3801346,0.078125,0.078125,7,28,135,0.1433977,50,16,623126.2349,0
1,500,0,0,12.9384403,0,-1,0,0,7,28,135,0.1992957,46,12,658723.3116,0
1,627,9.7326403,-0.375,4.5935721,0,119.0546036,0,0,7,31,135,0.1534606,48,11,693673.4864,0
1,613,10.1014042,-0.375,6.101562,11.4015598,142.1250153,-0.152439,0.238186,7,29,135,0.205344,46,14,725885.7809,0
0,483,13.9966822,0.25,5.7672729,15.9527779,302.1957397,0.0120192,-0.3786058,7,36,135,0.1883226,41,13,582221.8092,0
1,562,2.0010183,-0.125,14.1619272,1774.849243,63.434948,0,0.390625,7,27,135,0.1783486,44,16,658908.9968,0
0,514,29.8646774,-0.625,6.9869604,264.8314209,37.4053574,0.1379531,0.528578,7,31,136,0.1276368,44,9,436252.0334,1
0,507,18.5457268,-0.25,3.8618143,0,332.2414551,0.2063679,0.2063679,7,28,136,0.1421794,46,13,501394.1186,1
0,509,18.1851864,-0.625,9.7492628,1850.060791,334.6538086,-0.46875,0.703125,7,28,136,0.1422243,46,13,502336.633,1
0,468,23.3177242,0,6.2509141,89.6535568,43.5312004,0.1953125,0.1953125,7,27,136,0.1301372,46,11,486393.208,1
0,473,23.3108807,0.125,6.0970912,75.8357773,45,-0.0976562,-0.0976562,7,27,136,0.1616812,46,11,490178.1436,1
0,465,20.9832821,-0.375,5.8077841,42.9544907,3.503531,0.3412224,0.3412224,7,27,136,0.1329383,46,11,460603.6502,1
0,480,15.7316628,0.5,4.0360332,0,326.3099365,0.7601351,-0.0211149,7,27,136,0.1689485,46,11,528579.6358,1
1,463,25.5493431,0,5.3003531,38.2419128,78.6900711,0.3605769,0.3605769,7,33,136,0.1429926,45,13,559439.5468,1
1,452,23.6427898,-0.25,4.6656709,14.4262648,62.1027298,-0.4721545,0.3090955,7,33,136,0.1505898,45,13,508030.4676,1
1,585,34.425415,0.375,3.1489546,0,65.7722549,0.3248441,-0.0657809,7,31,136,0.1666128,44,11,477154.5841,1
1,553,21.5681305,0,4.7968416,12.6488781,71.5650482,0,0,7,29,136,0.1617852,43,11,574094.6347,1
0,496,39.8231735,-0.75,5.0325522,93.3894424,102.9946136,-0.0395014,0.7417486,7,30,136,0.2104616,50,8,603744.98,1
1,508,12.1078053,0.125,4.9514394,3.605489,326.3099365,0,0,7,28,136,0.1786061,40,14,564736.2679,1
1,508,9.5525942,0.375,6.3405285,13.4626818,338.1985779,0.0538793,-0.3367457,7,28,136,0.1715762,40,14,584237.1411,1
1,508,10.7981882,0.125,7.811429,102.3745346,330.5241089,-0.234375,0.15625,7,28,136,0.1727189,40,14,569974.2597,1
0,514,29.8646774,-0.625,6.9869604,264.8314209,37.4053574,0.1379531,0.528578,7,31,136,0.1276368,44,9,436252.0334,1
0,507,18.5457268,-0.25,3.8618143,0,332.2414551,0.2063679,0.2063679,7,28,136,0.1421794,46,13,501394.1186,1
0,509,18.1851864,-0.625,9.7492628,1850.060791,334.6538086,-0.46875,0.703125,7,28,136,0.1422243,46,13,502336.633,1
0,389,39.2614746,0.375,5.0524964,91.5430984,31.7151337,-0.0402114,-0.8214614,7,34,136,0.1317886,47,11,305246.6471,1
0,552,10.1960516,0.125,8.5935268,172.6600189,177.5104523,0,0,7,31,136,0.2454366,48,13,735542.4649,0
0,498,4.046659,-0.125,9.1208115,45.276165,276.3401794,0,0,7,26,136,0.1896756,51,13,652564.654,0
0,661,14.9614725,-0.375,7.5225091,128.2674866,217.8749847,-0.4830025,0.2982475,7,27,136,0.2456147,48,15,747041.7687,0
0,1374,34.2438774,0.875,5.7948046,141.5865784,121.8659744,0.3230337,-0.8488413,7,27,136,0.0912592,51,16,756648.6839,0
0,781,21.4220619,-0.5,7.7586722,360.4930115,251.5650482,0,0,9,27,136,0.1722551,56,12,697211.9646,0
1,930,8.8806591,0.375,6.0924692,6.8941741,315,0.4882812,-0.2929688,7,26,136,0.1448833,49,14,651310.6313,0
1,469,2.0010183,-0.5,11.6457624,15.0257664,225,0,0,7,30,136,0.1988535,50,12,660939.5665,0
0,1650,28.0204945,0.5,5.7041116,76.6307297,139.7636414,0.1980065,-0.5832435,7,28,136,0.0881509,53,18,891154.8411,0
1,936,23.7430267,-0.125,6.8607888,160.6021118,32.79953,-0.3021599,0.4790901,9,26,136,0.1178924,53,13,505816.4469,0
0,1550,15.8119307,0.125,4.992238,10.3981304,62.8188896,0.3077093,-0.4735407,9,32,136,0.0399443,53,15,661714.6291,0
0,904,11.9191484,0.25,6.1151471,16.8862782,272.1210938,0,-0.390625,9,27,136,0.1890353,53,15,684465.3153,0
0,997,2.0010183,0.5,6.0985494,0,116.5650482,0.390625,-0.390625,7,24,136,0.1896286,52,16,719878.8555,0
1,721,37.7296104,0.375,5.3166003,112.9689255,315.8069153,0.1953125,0.1953125,7,34,137,0.1465241,47,10,376587.8699,1
0,542,15.0466833,-1,6.2129793,36.7960892,312.7973938,-0.7123162,0.4595588,7,27,137,0.1451178,45,12,553094.2002,1
0,474,21.7582397,-0.125,6.0511985,54.1160698,43.3153152,-0.2929688,0.4882812,7,27,137,0.1722628,46,11,508077.8074,1
0,474,21.8786945,0.125,5.6284146,38.5495758,37.0928383,0.0952744,0.0952744,7,28,137,0.1802714,46,12,488021.6067,1
0,472,21.5221519,0.5,6.5909448,107.2631683,33.6900673,0.390625,-0.390625,7,28,137,0.169128,46,12,485741.7937,1
1,651,26.9903221,0.5,5.5027313,58.3161392,332.2814941,0.0054066,-0.3852184,7,25,137,0.0741092,51,9,425912.2121,1
1,623,21.3833923,-0.375,5.0587096,9.7273655,334.0935059,0.1530284,0.5436534,7,25,137,0.1071486,51,9,515136.7905,1
1,572,23.8426361,0.25,5.378684,35.3546753,261.8699036,-0.0546875,-0.0546875,7,32,137,0.1903542,44,12,646814.4953,1
1,668,21.7657948,-0.5,5.0744948,19.1650429,300.5792236,-0.390625,0.390625,7,27,137,0.1249183,52,11,541599.7995,1
1,651,26.9903221,0.5,5.5027313,58.3161392,332.2814941,0.0054066,-0.3852184,7,25,137,0.0741092,51,9,425912.2121,1
1,623,21.3833923,-0.375,5.0587096,9.7273655,334.0935059,0.1530284,0.5436534,7,25,137,0.1071486,51,9,515136.7905,1
1,721,37.7296104,0.375,5.3166003,112.9689255,315.8069153,0.1953125,0.1953125,7,34,137,0.1465241,47,10,376587.8699,1
0,542,15.0466833,-1,6.2129793,36.7960892,312.7973938,-0.7123162,0.4595588,7,27,137,0.1451178,45,12,553094.2002,1
0,409,3.9971669,0.375,5.5777464,0,23.1985893,0.390625,0,7,29,137,0.2021626,44,12,623188.2749,1
0,532,2.0010183,0.5,8.8008537,0.7070949,225,0,0,7,27,137,0.2400634,43,12,668588.8716,0
1,849,18.0694122,0.875,5.0967512,18.7421532,19.8851643,0.0585938,0.0585938,7,29,137,0.1185217,44,16,481265.5268,0
1,774,19.2586803,-0.375,6.2155991,45.890358,101.3099289,0,0,7,29,137,0.1797016,44,10,684178.1574,0
0,604,24.948843,-0.25,6.3648162,150.3940277,308.9275513,0.0435641,0.4341891,7,27,137,0.1829062,46,11,460165.5128,0
1,999,18.0111675,-0.375,5.2793441,15.6062088,234.7824097,0.0600962,0.4507211,9,27,137,0.1887179,55,12,766115.6847,0
1,513,6.4895988,0.125,4.9375896,0,164.0546112,0.3676471,-0.0229779,7,30,137,0.2114906,44,16,706577.6389,0
0,772,3.5763345,0,7.4752307,5.9998989,90,0,0,7,25,137,0.2027748,49,17,686992.7659,0
1,494,13.6754017,-0.25,5.280499,7.7860703,132.3974457,-0.1344775,0.2561475,7,28,138,0.2198506,45,13,703486.6299,1
0,446,19.2586803,-0.125,5.7672377,33.5404129,79.6951523,0.05625,0.446875,7,29,138,0.2031041,49,12,598784.1555,1
1,464,21.9086628,-0.75,5.6269069,38.6078987,82.1847076,-0.0383851,0.3522399,7,31,138,0.149245,41,14,570485.6073,1
1,667,27.5266666,-0.125,5.5018334,58.3686333,66.1247177,-0.3257584,-0.3257584,7,27,138,0.1465741,41,15,532382.8093,1
1,598,17.5664845,0.25,4.6127949,5.0651093,254.2488251,0.4121273,0.0215023,7,29,138,0.1674171,44,11,677859.8274,1
1,390,10.0441513,-0.125,6.2896538,14.169488,228.5763397,-0.0976562,-0.0976562,8,29,138,0.1540969,36,13,685920.1399,1
1,603,23.0346889,-0.625,9.1019421,1619.091431,20.4328289,-0.7178238,0.0634262,7,29,138,0.1322437,42,13,440061.7337,1
0,411,36.3173599,-0.125,5.4769773,117.6037216,87.5633545,-0.3574523,0.0331727,7,35,138,0.2277319,47,11,550632.5741,1
1,596,32.3241653,-0.75,4.8381257,40.4960632,327.0947571,-0.390625,0.390625,7,28,138,0.0923901,47,11,380087.2478,1
1,860,23.3382378,0.25,6.6066065,131.1611938,312.0643311,0.3129316,-0.0776934,9,26,138,0.0939832,55,11,521954.2683,1
1,494,13.6754017,-0.25,5.280499,7.7860703,132.3974457,-0.1344775,0.2561475,7,28,138,0.2198506,45,13,703486.6299,1
0,527,23.2834778,-0.375,4.6037531,15.3497858,343.9264221,0.0226919,0.4133169,7,27,138,0.1365645,46,13,412362.1454,1
0,490,25.2670288,0.25,6.4116521,128.3798981,24.4439545,0.234375,-0.15625,7,27,138,0.1104379,48,13,435349.2517,1
0,633,10.12041,-0.25,7.7268229,61.9283371,111.8014069,-0.0538793,0.3367457,7,24,138,0.1652854,43,16,694006.9879,0
1,712,7.3419414,-0.375,7.7584424,37.1073227,345.9637451,-0.3676471,0.0229779,7,30,138,0.1930557,48,17,620753.0404,0
0,884,5.9836473,0.5,5.018662,0,206.5650482,0.390625,-0.390625,7,20,138,0.2219931,51,13,738559.7793,0
0,591,2.0010183,0.5,6.0985494,0,333.4349365,0.390625,-0.390625,7,26,138,0.1985572,44,12,655326.8391,0
0,1296,8.8806591,-0.375,11.0286274,1488.682251,220.9143829,0.15625,-0.234375,9,34,138,0.166961,53,15,783610.3078,0
1,829,7.9558001,0.25,4.7333455,0,296.5650635,-0.15625,-0.15625,7,23,138,0.1815568,45,17,659854.9547,0
0,509,5.0902562,-0.125,6.2560043,2.915427,210.9637604,0,0,7,27,138,0.2240952,44,13,694008.828,0
1,925,10.9212618,-0.125,7.3600602,49.5622406,329.0362549,0.2182904,-0.5629596,7,27,138,0.1186903,48,14,620157.57,0
0,500,9.5727797,0.375,7.8594198,79.8109207,74.7448807,0,0,7,28,138,0.1750816,44,17,631371.1389,0
0,1849,32.9627876,0.875,3.8973331,10.3755341,323.8203735,-0.2690877,-1.0503378,7,34,138,0.0157573,46,20,474396.3044,0
1,736,18.796505,0.25,6.2580905,53.7635651,234.462326,0.0300481,-0.3605769,7,28,138,0.190648,45,12,737525.136,0
0,647,0,0,15.1856756,0,-1,0,0,7,27,138,0.1517914,52,15,674613.4627,0
0,567,5.6437125,-0.25,10.2474642,276.6946106,71.5650482,-0.390625,0.390625,7,26,138,0.1735531,49,15,649530.7054,0
1,656,8.7262983,-0.375,6.6591449,18.2702255,73.3007584,0.0538793,-0.3367457,7,29,138,0.1457423,38,18,647921.0245,0
1,723,14.0362434,0,6.6502399,36.270916,358.0250549,0,0.390625,7,29,138,0.1507422,44,15,564248.8296,0
0,626,13.7160387,0.375,5.7882543,15.6202278,129.8055725,0.2305328,-0.1600922,7,26,138,0.2149106,47,16,725309.343,0
0,1460,18.8424721,2.625,4.9764771,0,270,1.5234375,-0.8203125,7,26,138,0.0466074,50,14,757822.3537,0
0,546,29.0911446,0.375,6.1638951,129.0323181,35.5376778,-0.5173142,0.2639358,7,28,139,0.1370401,47,11,425123.6396,1
0,596,19.47122,0.25,6.2850823,74.2448502,315,0.2929688,-0.4882812,7,27,139,0.1520332,49,11,513263.2176,1
1,690,17.6764946,0,8.2034731,367.1228638,281.3099365,0,0,7,28,139,0.1700476,45,15,615445.3927,1
1,552,9.5525942,0.375,5.2419162,2.6925364,111.8014069,0.0538793,-0.3367457,7,28,139,0.1967643,43,11,683279.3154,1
1,555,7.9558001,0,6.525105,11.180151,116.5650482,0,0,7,28,139,0.1869752,43,11,686019.2744,1
1,560,17.8546658,0.125,6.0995698,41.2303238,104.0362473,0.3583716,-0.0322534,7,28,139,0.1951307,43,11,668252.7326,1
1,658,20.6213112,-0.125,7.6391425,288.9930115,4.7636409,-0.3556035,0.0350216,7,37,139,0.1387304,48,11,477560.8983,1
1,466,16.8768864,0.25,4.6552234,4.8540359,281.8886414,0,0,7,26,139,0.1766151,38,13,604172.6438,1
1,579,14.9614725,0.125,4.0005336,0,74.4758911,0.390625,-0.390625,7,29,139,0.1970311,41,12,591151.9232,1
0,434,31.0316734,0,5.2859826,54.3312149,83.6598053,0.033346,0.8145961,7,28,139,0.20677,47,10,554885.0757,1
1,577,28.1022282,-0.25,8.3098707,1038.131958,335.4098816,-0.315779,0.465471,7,26,139,0.1166048,50,13,406741.721,1
1,772,36.4097595,0.375,6.0201483,212.4029083,306.3843384,0.1374551,-0.2531699,7,33,139,0.1237604,46,11,410762.8793,1
0,546,29.0911446,0.375,6.1638951,129.0323181,35.5376778,-0.5173142,0.2639358,7,28,139,0.1370401,47,11,425123.6396,1
0,596,19.47122,0.25,6.2850823,74.2448502,315,0.2929688,-0.4882812,7,27,139,0.1520332,49,11,513263.2176,1
1,582,23.7496872,-1.25,7.5802927,373.1163635,343.495636,-0.78125,0.78125,7,28,139,0.1556602,46,14,446161.7692,1
0,946,29.1342831,-0.625,6.2997689,160.5213318,264.3693237,-0.0309642,0.7502858,7,24,139,0.229681,52,13,659205.549,0
1,613,10.4927044,0.375,4.4535003,0,117.6459732,0.4767923,-0.3044577,7,27,139,0.159016,44,14,698380.5616,0
0,919,19.9725742,0.125,3.7820325,0,154.5366516,0.3125,-0.078125,7,26,139,0.2348747,48,15,813316.8263,0
0,698,7.1250162,0,6.1685014,6.385911,86.6335373,0,0,7,26,139,0.1770999,46,14,671628.8259,0
0,1101,18.5738068,0.25,5.4990458,20.8802414,16.6992435,-0.3583716,0.0322534,9,24,139,0.1177656,52,11,545319.1711,0
0,796,17.8546658,0.125,7.080399,118.537178,165.9637604,0.3583716,-0.0322534,7,28,139,0.2164357,50,12,794751.8887,0
1,772,11.8395491,0.375,5.0004363,3.4323235,33.1113434,0.0901442,0.0901442,7,31,139,0.1108308,45,15,594364.3994,0
1,522,2.8287177,0,5.6314187,0,56.3099327,0.390625,-0.390625,7,23,139,0.1653025,46,16,648668.2872,0
1,1073,9.4099951,0.625,4.5639963,0,98.1301041,0.3530649,-0.4281851,7,26,139,0.1741955,50,15,722858.905,0
1,909,34.4045715,-1,4.941493,54.7853317,55.222168,-0.9615384,0.6009616,7,25,139,0.1390472,44,14,464891.1318,0
1,547,14.7147837,0.5,7.7240281,111.7701569,146.3099365,0,0,7,29,139,0.1758866,39,13,731938.6252,0
0,514,0,0,11.066638,0,-1,0,0,7,28,139,0.1461366,49,14,662771.6913,0
1,592,1.7899107,-0.375,6.2224679,0.9999832,180,0,0,7,28,139,0.1617195,45,15,693537.7905,0
0,1448,28.6632996,0.5,5.6266184,66.2406845,208.8865814,-0.1682692,-0.1682692,9,27,139,0.1305807,54,13,866823.6492,0
0,699,3.1619606,-0.125,7.7625537,3.1868336,258.6900635,0,0.390625,7,29,139,0.2574036,47,11,685223.2067,0
0,797,9.4917622,0.625,7.9892254,80.2521362,217.405365,0.4767923,-0.3044577,7,25,139,0.1644642,49,18,738017.0231,0
1,598,14.8756819,-0.75,9.8819447,413.8669128,323.7461548,-0.25,0.921875,7,28,139,0.1435443,42,10,600158.4274,0
0,537,25.7916737,0.375,7.3264246,347.9258423,304.4608154,0.2992187,-0.4820313,7,26,140,0.1470891,46,10,498415.5098,1
0,457,26.9903221,-0.75,5.3024898,38.1601105,58.392498,0.0670601,0.4576851,9,27,140,0.1616905,55,11,504530.7235,1
0,450,23.6092377,-0.5,5.6130872,27.9503441,63.434948,-0.3125,0.859375,9,27,140,0.1753536,55,11,556531.232,1
1,703,11.515007,0,8.7110291,232.9050598,276.8427734,-0.3483953,0.0422297,7,29,140,0.162527,43,15,655656.5118,1
1,707,12.3695583,0.5,5.6716318,10.5265703,265.9143982,0.390625,-0.390625,7,29,140,0.1684043,43,15,670635.5802,1
1,569,18.6111641,0.375,6.6306324,80.8195267,93.9909134,0.3730149,-0.4082351,7,28,140,0.187427,42,13,644990.4047,1
1,563,18.6111641,-0.375,8.1781588,408.4242859,99.2461166,-0.021875,-0.4125,7,28,140,0.1883423,42,13,656463.7913,1
1,580,16.0722599,0.375,7.1705089,159.3912659,81.1581879,0.046875,-0.34375,7,28,140,0.1863997,42,13,610424.9533,1
1,581,16.950573,0.125,6.2781239,63.2488518,90,0,-0.390625,7,28,140,0.1788852,42,13,632301.49,1
1,586,16.950573,0.125,6.3925581,56.3907547,91.3971786,0,0,7,28,140,0.1760279,42,13,642139.3882,1
1,586,18.1659565,0,5.2702188,15.7497168,90,0,0,7,28,140,0.1810301,42,13,638489.3179,1
1,585,21.0467415,-0.25,5.3344803,24.62677,95.8263397,-0.4040948,-0.0134698,7,28,140,0.1852072,42,13,645017.7204,1
1,584,19.8359528,-0.375,5.5812206,28.8579674,107.6501236,0.0798358,0.4704608,7,28,140,0.1799047,44,12,674562.9154,1
1,604,25.1758842,0.625,4.550571,16.1899605,103.3924942,0.0459559,0.0459559,7,28,140,0.1807746,41,14,651396.0145,1
1,650,11.9191484,-0.25,6.6259727,30.3953018,87.8789062,0,0.390625,7,29,140,0.19977,43,13,659588.9025,1
1,619,1.7899107,-0.375,9.1512814,8.9998493,90,0,0.390625,7,33,140,0.1673864,45,12,670143.4753,1
1,792,5.4292636,-0.75,6.0700684,11.7684002,167.7352295,-0.3695101,0.8023649,7,27,140,0.1812444,45,14,753811.5522,1
1,587,17.0343056,0.375,3.9522591,0,250.6410065,0.3320312,-0.4492188,7,30,140,0.1898399,45,12,684155.2712,1
1,606,13.1764584,0.625,4.2202888,0,244.2900543,0.3199084,-0.4613416,7,30,140,0.1790058,45,12,698044.0052,1
1,645,15.4878435,0,7.0125828,96.4995956,163.4429321,-0.4492188,0.3320312,7,25,140,0.1790177,41,16,767281.1516,1
0,534,24.4722271,-0.625,6.1225104,87.3854065,50.572197,-0.4863475,0.2949025,7,26,140,0.1659407,52,12,489289.9517,1
0,537,25.7916737,0.375,7.3264246,347.9258423,304.4608154,0.2992187,-0.4820313,7,26,140,0.1470891,46,10,498415.5098,1
0,615,27.1044159,-0.875,6.2130213,122.835144,328.7362671,-0.5048511,0.6670239,7,26,140,0.1093901,47,14,429951.6014,0
1,637,9.5929184,-0.25,8.0998507,91.9399796,56.3099327,-0.5629596,0.2182904,7,36,140,0.1765899,46,14,622590.3893,0
1,690,13.0626068,-0.625,7.340611,34.647644,45,0.390625,0.390625,9,26,140,0.1232499,53,12,605203.9952,0
1,835,17.8841419,0.5,5.980031,36.1401405,263.0470581,0.3674195,-0.0232054,7,27,140,0.1618569,47,12,680840.681,0
0,1403,6.5799975,-0.25,7.5628138,23.9924316,61.6992455,-0.0300481,0.3605769,7,35,140,0.0591516,48,15,685529.0487,0
0,1035,16.0722599,0.375,6.8793116,71.3850174,78.6900711,0.0597426,-0.3308823,7,22,140,0.1718161,51,11,668421.183,0
1,773,15.440876,0.125,5.847333,22.0966988,225,-0.0976562,-0.0976562,7,35,140,0.1772559,46,12,752224.7692,0
0,1431,8.5462551,-0.125,4.661252,0,62.1027298,0.078125,0.078125,7,26,140,0.0618144,44,22,665191.4881,0
1,924,14.8633785,-0.125,7.0398202,76.4324493,317.3859558,0.0976562,0.0976562,9,31,140,0.1445009,53,12,590339.1832,0
1,548,9.5929184,-0.125,5.2376499,2.7041171,123.6900711,-0.25,0.140625,7,26,141,0.2009794,45,11,696069.5192,1
1,564,3.1619606,0.125,9.6937351,49.4966431,98.1301041,0,0,7,31,141,0.1478367,39,16,670796.3952,1
1,554,29.6619148,0.125,7.3942776,519.382019,63.0834465,-0.078125,-0.078125,7,29,141,0.1772813,44,12,489517.4102,1
1,567,29.9514732,0,7.1933393,433.3098145,77.4711914,0,0,7,27,141,0.1748298,43,12,544462.5932,1
1,586,28.1683388,0.25,5.544663,55.9168205,339.8637085,0.080819,0.471444,7,27,141,0.103932,48,11,414172.1352,1
1,617,23.4675388,1.125,4.4849524,5.7580414,332.8786926,0.234375,-0.9375,7,24,141,0.1263692,49,11,497993.019,1
1,570,26.0708694,-0.125,4.178565,7.8280835,340.4077148,0.4882812,0.4882812,7,27,141,0.1136574,49,11,411439.1072,1
0,468,15.7661238,-0.25,7.2117925,103.8967056,14.4207726,-0.0459559,-0.0459559,7,29,141,0.1253385,45,13,511440.2272,1
1,581,25.8385391,-0.375,6.7145767,185.9480286,342.1496887,-0.3320312,0.4492188,7,27,141,0.1028938,49,11,418354.7647,1
1,794,19.4095459,0.25,5.688952,36.2794952,7.1250157,-0.0633446,-0.0633446,9,28,141,0.1187313,55,11,488029.0025,1
0,523,22.057642,0.625,5.9284005,61.2054672,53.9726257,-0.1351351,0.2554899,7,24,141,0.1626643,48,12,509654.3384,1
1,775,21.1414375,-0.125,6.4238625,75.381813,7.4314075,-0.4258453,0.3554047,9,28,141,0.1076644,55,11,492654.4286,1
1,611,21.7204037,0.375,4.8336205,12.1909618,61.8583984,-0.171676,0.218949,7,31,141,0.215359,51,11,556349.9944,0
0,746,3.9971669,0.375,5.3613286,0,288.4349365,0.234375,-0.15625,7,23,141,0.2225547,52,13,672696.0315,0
1,801,20.3750973,-0.5,6.3253379,71.3078842,194.6208801,-0.390625,0.390625,7,26,141,0.1926983,44,14,811254.9465,0
1,790,12.0452871,0,6.2585082,20.4843979,293.7494812,-0.390625,0,7,29,141,0.1377307,46,14,636512.9249,0
0,587,8.1735535,-0.625,7.9250507,55.1533928,157.619873,-0.546875,0.234375,7,27,141,0.1832622,47,13,705802.2165,0
1,646,8.8806591,-0.375,5.3156714,2.4999573,126.8698959,-0.25,0.140625,7,34,141,0.1872043,46,12,706526.6789,0
1,792,0,0,15.0130625,0,-1,0,0,7,24,141,0.1861615,45,14,687779.1162,0
1,713,17.3540249,-1.5,11.9652472,15394.72656,36.8698959,-1.375,0.1875,7,27,141,0.1783443,48,14,490372.5679,0
0,436,2.530493,0,11.1875124,143.5402679,135,0,0,7,32,141,0.150671,44,13,649917.2928,0
0,878,7.6808319,-0.125,13.6954851,16248.21777,280.0079651,0,0,7,29,141,0.1060588,46,16,664391.7369,0
0,857,7.0418735,-0.25,8.5447216,77.079216,214.6951599,-0.2103365,0.1802885,7,26,141,0.1830519,50,16,738964.2182,0
1,923,23.7430267,0.625,4.2060237,7.6156278,23.1985893,0,0,7,28,141,0.0885886,45,14,453305.3607,0
0,556,20.4411488,-0.375,5.5486298,29.8166065,33.0238686,-0.4456795,-0.0550545,7,28,142,0.1710427,47,12,498661.8152,1
0,410,35.2676849,-0.125,5.1970906,79.2038879,16.0323391,0.148738,0.148738,7,32,142,0.112664,50,12,317066.8565,1
1,637,20.6862946,0.5,3.7438948,0,114.4439545,0.2434717,-0.5377783,7,27,142,0.1991576,43,14,695191.9448,1
1,635,16.3055553,0.25,8.438673,412.9942017,128.6598053,-0.1875,-0.1875,7,27,142,0.1946618,43,14,721159.3804,1
1,629,18.4234047,0.25,7.532455,202.5269318,129.2894135,0.1244469,-0.2661781,7,27,142,0.2081138,43,14,724131.3402,1
0,526,25.5552959,0.125,6.3986988,130.0572205,94.6858978,-0.4001314,-0.4001314,7,33,142,0.2127003,51,10,616711.0853,1
0,530,31.3025932,-0.25,7.1724939,442.4529724,79.2868805,-0.6617647,0.1194853,7,33,142,0.2247001,51,10,549099.0433,1
0,538,23.7430267,-0.375,4.8717122,23.484251,109.5922852,-0.2539062,-0.2539062,7,33,142,0.2379347,51,10,665824.585,1
1,573,24.4658623,-0.25,6.0427618,80.0796967,344.0545959,-0.103184,-0.103184,7,27,142,0.0979834,48,9,434098.4839,1
1,585,24.8310032,0.875,4.9388824,21.9555054,352.146698,0.0068231,-0.3838018,7,27,142,0.1026983,48,9,430756.4029,1
0,556,20.4411488,-0.375,5.5486298,29.8166065,33.0238686,-0.4456795,-0.0550545,7,28,142,0.1710427,47,12,498661.8152,1
0,470,28.509901,0.375,5.946034,104.2883835,40.3331413,0.2943157,-0.4869343,7,26,142,0.1470868,45,14,425237.6431,1
0,497,22.0279598,-0.25,7.1407456,200.6748962,79.9920197,-0.0970918,0.2935332,7,27,142,0.2367998,40,14,569684.3896,1
1,657,13.0769005,-0.125,6.7930613,44.597435,312.2736816,-0.2305328,0.1600922,7,26,142,0.102307,49,13,591143.5693,0
0,526,0,0,13.1143312,0,-1,0,0,7,27,142,0.185348,43,13,664546.5882,0
0,585,3.7926602,0,9.5232391,43.2658882,213.6900635,-0.390625,0.390625,7,30,142,0.2063553,51,14,689530.9818,0
0,361,3.5763345,0,7.3210802,4.9999161,270,0,0,7,24,142,0.2333888,48,15,644433.1151,0
1,885,11.179986,0,5.4874673,6.3244467,18.434948,0,0,7,27,142,0.1411153,48,14,602987.0369,0
1,682,15.7316628,0.125,5.8277926,22.5342979,303.6900635,0.2808989,-0.1097261,7,33,142,0.1571477,48,18,586227.5114,0
1,776,9.5525942,0.375,7.4932079,48.4656525,291.8014221,0.0538793,-0.3367457,7,28,142,0.1535517,47,14,650953.0017,0
0,643,3.8448195,0.25,5.4578328,0,54.4623222,0.234375,-0.15625,7,25,142,0.2195112,46,14,656056.3221,0
1,667,7.1250162,0,7.8886013,39.999321,180,0,0,9,27,142,0.2145538,54,11,725362.0217,0
0,887,25.9260502,-0.25,6.0567694,93.3362885,45,-0.390625,0.390625,7,24,142,0.1383431,52,11,491250.0849,0
0,826,15.440876,0.125,5.4418678,13.2580185,45,-0.0976562,-0.0976562,7,30,142,0.1432651,52,15,584018.2775,0
1,801,12.535656,-1,7.5674686,92.4950256,251.5650482,-0.7001769,0.4716981,7,27,142,0.0923618,50,19,663109.0689,0
0,468,5.9836473,-0.125,5.6401777,1.8027451,33.6900673,-0.1201923,0.2704327,7,23,142,0.2126592,47,17,612927.0567,0
1,852,3.6861022,-0.125,5.5777464,0,113.1985931,0.390625,-0.78125,7,27,142,0.1677454,49,14,706733.088,0
1,971,7.5523725,-0.75,12.6813269,2421.654541,84.8055725,-0.78125,0.390625,7,34,142,0.1300807,48,13,695945.4439,0
0,831,1.8984097,-0.375,7.7591639,2.1212847,315,-0.2929688,0.4882812,7,23,142,0.1523386,45,21,679293.1534,0
0,573,19.0882072,0.25,7.7536674,236.7952728,330.9454041,-0.5564564,0.2247936,7,27,143,0.1524256,46,12,517298.722,1
0,536,19.6112289,-0.75,5.6970453,25.6930466,4.1849155,-0.3674195,0.0232054,9,28,143,0.156291,53,11,495154.4821,1
0,603,34.4981575,1.5,6.6725979,362.8515015,40.3893509,0.6515786,-1.3015463,7,30,143,0.1584839,47,14,389638.1451,1
0,512,24.2607994,-0.25,5.9291162,74.7690582,51.7889748,-0.53125,-0.140625,7,26,143,0.2053784,41,9,486594.721,1
0,573,19.0882072,0.25,7.7536674,236.7952728,330.9454041,-0.5564564,0.2247936,7,27,143,0.1524256,46,12,517298.722,1
0,1309,8.5462551,0.375,4.661252,0,171.0273743,0.3530649,-0.4281851,9,31,143,0.090381,56,18,791351.2253,0
1,662,13.4424419,0.375,4.8928008,3.8241982,348.6900635,0.3846154,-0.0060096,7,28,143,0.1326957,46,14,551440.3008,0
1,566,3.8448195,-0.25,5.6506839,0,225,0.2929688,-0.4882812,7,25,143,0.205484,44,14,685307.2819,0
0,1005,13.9437313,0.375,6.123199,31.3044014,26.5650501,-0.15625,-0.15625,7,28,143,0.1268931,48,14,573159.9803,0
0,1014,27.6318684,0.25,5.0273643,33.5030708,180.8551025,0,-0.390625,7,24,143,0.2176603,52,12,865910.4735,0
0,567,7.5523725,0.25,7.2705479,23.3341293,135,0.390625,-0.390625,7,26,143,0.1740461,46,18,702222.3334,0
1,770,15.2989359,0.25,8.355691,315.1230164,181.6365814,0,-0.390625,7,30,143,0.2540657,47,14,787545.7847,0
1,337,8.8806591,-0.375,8.665575,139.9976044,0,0,0.390625,7,47,143,0.111081,48,15,563979.592,0
0,773,10.6376562,0.125,5.4874673,6.3244467,71.5650482,0,0,7,27,143,0.2597787,49,13,648930.657,0
1,579,15.7086382,-0.375,6.4354639,44.9992065,270,0,0.390625,7,30,144,0.1868853,45,12,643854.3915,1
1,593,31.2015171,0,5.3500175,67.9563065,325.4914856,-0.4476127,-0.0569877,7,24,144,0.1121561,50,11,393391.6575,1
1,571,26.5930042,-0.25,8.1635103,677.5357056,337.0679016,0.0800305,0.4706555,7,26,144,0.1122954,45,11,435937.6846,1
1,1062,23.2834778,1.25,4.7121105,13.7701807,105.8025131,-0.0633446,-1.2352196,7,27,144,0.1749524,51,14,723709.4408,0
1,862,13.7834597,0.25,6.8127975,51.0251465,217.2348328,0.1344775,-0.2561475,7,26,144,0.2129616,47,15,760740.8096,0
1,667,10.9212618,0.125,5.1058846,3.0872195,338.629364,0.0585938,0.0585938,7,35,144,0.1135202,48,13,583887.6371,0
1,838,19.5850773,0.25,6.9704657,110.7468872,264.5596619,-0.4254332,-0.0348082,7,26,144,0.1751066,51,12,680141.8105,0
1,567,8.1735535,0.125,6.9033995,18.3844643,22.3801346,0.078125,0.078125,7,28,144,0.2215782,44,10,602523.8007,0
0,697,3.7926602,0,5.6506839,0,135,0.2929688,-0.4882812,7,28,144,0.1992812,49,12,698843.3041,0
0,872,15.8004942,0.5,5.640893,18.1104507,83.6598053,0.3477515,-0.4334985,7,26,144,0.1914661,50,11,663619.6446,0
0,504,24.1052647,0.125,3.5828876,0,243.8860931,0.7869664,-0.3849085,7,28,144,0.2260624,42,16,691051.0592,0
0,758,7.0418735,0.25,7.6632528,21.6798382,347.0053711,-0.4492188,0.3320312,7,29,144,0.2016115,48,19,636855.9554,0
0,1634,32.1376305,0.125,6.6499028,307.6306763,99.1178665,0.4106815,0.0200565,9,23,144,0.00514,56,15,675391.7083,0
0,913,9.4917622,-1.75,12.3376284,6412.145996,52.5946426,-1.125,0.828125,7,27,144,0.1009171,51,17,593552.5943,0
1,629,5.0902562,0.125,6.565999,4.2755861,127.8749847,0.0976562,0.0976562,7,26,144,0.1998025,47,12,696229.4655,0
0,561,9.9091673,0.5,7.5597286,50.3805008,171.8699036,-0.4281851,0.3530649,7,38,144,0.2168835,51,11,730408.863,0
0,507,27.0121155,0.125,4.1375484,8.1565104,285.1011047,0.0459559,0.0459559,7,30,144,0.1360116,41,16,556027.4282,0
0,560,27.1044159,-0.125,5.0498705,32.7560387,282.3390808,0.4038915,-0.7679835,7,26,145,0.1799923,48,11,563948.9331,1
1,622,7.8818078,0.25,4.7427421,0,343.6104736,0.4136029,0.0229779,7,30,145,0.1674885,50,14,604497.7488,1
1,603,10.7981882,-0.5,7.6724076,83.2391815,321.3401794,-0.152439,0.238186,7,27,145,0.1318401,46,14,589129.0807,1
1,627,27.8402767,-0.25,5.488554,59.1503906,262.3493652,0.0173315,0.4079565,7,27,145,0.154345,50,11,612930.7688,1
1,646,24.7748814,0.375,7.5866966,413.5256348,267.0891724,0.3776618,-0.4035882,7,27,145,0.1605382,50,11,620933.6759,1
1,634,9.9091673,-0.5,5.1833625,2.855866,23.1985893,-0.1212284,0.2693965,7,30,145,0.1397472,41,12,592037.7786,1
0,560,27.1044159,-0.125,5.0498705,32.7560387,282.3390808,0.4038915,-0.7679835,7,26,145,0.1799923,48,11,563948.9331,1
1,465,28.805521,-1,7.7382946,686.2367554,292.557251,-0.3816598,0.7902151,7,23,145,0.1772776,41,15,503115.96,1
1,473,31.1507473,-0.75,5.8393464,116.0514832,296.8962402,-0.546875,0.625,7,23,145,0.1624459,41,15,476848.9051,1
1,977,7.3419414,0.375,6.688652,13.2898083,16.3895397,-0.4136029,-0.0229779,7,26,145,0.1079913,51,15,640980.2387,0
1,743,14.5011921,0,8.181509,235.875351,64.9831085,0,0,7,31,145,0.1587826,45,14,617696.3215,0
0,842,2.530493,-0.25,11.1289873,84.969162,153.4349518,0,-0.390625,7,20,145,0.1245299,50,18,701421.4554,0
1,1191,9.5525942,0.875,4.548769,0,158.1985931,0.5926724,-0.5792026,7,26,145,0.1511018,47,16,800071.6067,0
1,963,1.8984097,0.625,6.1497259,0,315,0.4882812,-0.2929688,7,26,145,0.182131,47,12,698082.5116,0
0,707,8.8806591,-0.375,7.9547286,67.498848,270,0,0.390625,7,23,145,0.2002508,46,11,673627.8154,0
1,489,3.2244489,0.5,5.6314187,0,213.6900635,0.390625,-0.390625,7,41,145,0.2657538,36,15,679216.6092,0
0,863,7.3419414,-0.375,7.2989101,22.6766968,194.0362396,-0.3676471,0.0229779,7,31,145,0.1960475,45,13,751916.5471,0
0,998,36.348217,0,4.7099571,46.0424461,177.5104523,-0.3736733,0.4075767,7,26,145,0.1971597,51,15,869484.4194,0
1,953,12.5954428,-0.125,4.9598866,3.5750256,126.4692383,-0.0901442,-0.0901442,7,29,145,0.1570279,45,15,750934.9931,0
0,819,17.6465778,1,6.0214376,34.6697044,312.9545898,0.2929688,-0.4882812,7,25,145,0.1443457,45,17,567440.8734,0
0,1834,47.8532867,-2.25,4.4195061,61.5816994,259.2374573,-0.4432091,0.3380409,9,27,145,-0.007309,58,14,677248.4837,0
1,706,9.5727797,-0.625,5.8258333,9.0154572,135,-0.4882812,0.2929688,7,27,145,0.1775039,40,14,723079.3393,0
0,513,25.1270638,0.375,4.2207556,7.5040221,299.9816284,-0.0670601,-0.4576851,7,29,146,0.1634656,48,11,515419.8276,1
1,450,15.2034283,-0.25,8.1148272,243.4911041,251.5650482,-0.2782534,0.1123716,8,28,146,0.1782335,35,12,669705.9595,1
1,600,10.0249882,0,4.7555528,0,30.9637566,0.234375,0.234375,7,30,146,0.13966,49,14,606261.1302,1
1,659,19.47122,0,6.6427164,90.5080261,135,0,0,7,27,146,0.1778962,44,13,741287.0726,1
1,450,15.2034283,-0.25,8.1148272,243.4911041,251.5650482,-0.2782534,0.1123716,8,28,146,0.1782335,35,12,669705.9595,1
1,558,30.0649853,0.125,5.3343759,69.0293655,329.5344543,0.1004177,-0.2902073,7,31,146,0.0935272,46,12,382742.2734,1
1,761,17.107151,0.375,6.6557932,68.9407806,293.9624939,0.064433,-0.326192,7,44,146,0.149367,48,12,602496.7365,1
1,539,31.8801785,-0.375,6.4239278,228.8784943,327.3080139,-0.3015434,0.4797066,7,31,146,0.0877588,46,12,380679.3027,1
0,783,31.2015171,0.25,4.8818378,38.7612953,329.7967529,0.1857728,-0.2048522,7,28,146,0.1321371,51,12,394046.0442,1
0,513,25.1270638,0.375,4.2207556,7.5040221,299.9816284,-0.0670601,-0.4576851,7,29,146,0.1634656,48,11,515419.8276,1
1,765,20.831501,-0.125,5.8157096,42.614502,289.1790161,-0.0456204,0.3450046,7,28,146,0.1134698,51,10,592268.186,1
0,651,11.6134291,-0.5,8.2001371,151.2562714,81.2538376,-0.390625,0.390625,7,26,146,0.229127,49,11,647981.2348,0
1,983,1.7899107,0.375,9.6080399,14.4997568,180,0,0.390625,7,25,146,0.1966403,52,16,725417.1567,0
0,744,1.7899107,0.375,10.5762901,38.9993477,270,0,-0.390625,7,29,146,0.2160119,47,13,686584.5394,0
1,813,22.8172703,0.5,7.7264614,385.4037781,106.3895416,-0.8023649,0.3695101,7,26,146,0.2181581,48,11,690799.5773,0
0,1206,5.0902562,-0.125,6.9714642,7.1259766,322.1250305,-0.0976562,-0.0976562,9,29,146,0.1034156,53,15,675652.6641,0
0,778,23.6829605,1.125,6.079371,77.194725,94.0856171,0.3926079,-0.7792671,7,26,146,0.2203043,46,11,657620.3757,0
1,518,0,0,11.2897816,0,-1,0,0,7,27,146,0.1420792,46,14,663113.6562,0
1,586,21.1493034,-0.125,5.0779433,19.0988941,133.4088593,0.2929688,-0.4882812,7,25,146,0.2501827,52,12,731414.1837,0
1,1075,12.8168344,0.375,7.2445421,69.1598434,285.9454041,0.0294811,-0.3611439,7,27,146,0.1614231,48,12,676051.1676,0
0,820,16.567276,0,5.9060073,29.1820965,64.0934906,-0.0080541,-0.3986791,9,23,146,0.1618081,54,11,601197.9273,0
0,463,0.6330091,-0.125,7.1914158,0,315,0,0,7,26,146,0.1894641,44,18,653222.9369,0
0,613,8.9891911,-0.25,7.9060926,65.806366,200.2248535,-0.1212284,0.2693965,7,34,146,0.2451506,50,14,730750.7802,0
1,1052,19.480011,0.125,7.3259311,166.6670532,125.5376816,-0.2103365,0.1802885,9,27,146,0.1673617,53,11,774012.5633,0
0,443,37.1684914,0.5,7.3248005,861.2672729,206.3010254,-0.078125,-0.46875,7,41,146,0.2272959,46,10,778557.4326,0
1,748,15.9935741,0.625,4.0187078,0,342.5527954,0.4492188,-0.3320312,7,28,146,0.1301561,48,14,541622.87,0
1,721,10.0249882,0,8.7902918,203.6432648,225,0,0,7,29,146,0.1809249,48,14,728492.5296,0
0,999,18.1851864,0,7.5716748,204.9783325,205.3461761,0,0,9,28,146,0.2186884,52,12,816148.7655,0
1,1058,13.1196737,-0.25,7.6587315,111.871315,283.5704346,0.0221108,0.4127358,7,22,146,0.115304,47,15,673859.3568,0
0,527,40.1390419,0.625,4.3282213,40.47472,23.4773998,0.4626236,-0.3186264,7,26,147,0.1226687,51,14,299294.0282,1
0,419,37.9458313,-0.5,4.8780317,38.9093513,25.9065075,0.1610825,0.9423324,7,26,147,0.1156109,49,12,365938.3024,1
1,614,16.8768864,0.75,5.7538357,24.2701797,258.1113586,-0.0450721,-0.8263221,7,29,147,0.1917503,48,16,669972.8866,1
0,899,17.3540249,0,7.8078346,285.994812,90,0,-0.390625,7,25,147,0.1526832,51,13,639639.3793,1
1,539,28.7124786,0.75,6.4215002,157.8942108,6.9112263,0.0506613,-0.3399637,7,28,147,0.1092105,45,12,398088.3648,1
0,558,21.1728725,0,6.7142396,117.746109,311.7295227,0.4633621,0.0727371,7,28,147,0.1759283,45,17,520711.5615,1
0,481,19.480011,-0.125,10.5256109,4669.098633,46.7899094,-0.0976562,-0.0976562,7,32,147,0.2333554,43,9,521100.2337,1
0,736,36.8758659,0.875,5.5436506,132.0256805,305.6764221,0.6437949,-0.5280801,9,25,147,0.1494163,54,12,422048.8854,1
1,930,22.950882,0.25,6.9617414,182.932785,330.1239929,0.0364313,-0.3541937,7,23,147,0.097141,48,14,497241.7973,0
1,430,11.7754364,0.875,4.3358116,0,102.9946136,0.3378378,-0.8340372,7,31,147,0.2155028,38,17,661055.3802,0
0,580,4.5986633,0.25,5.4194126,0,116.5650482,0.3125,-0.078125,7,27,147,0.2016943,40,19,682465.5786,0
0,609,21.3988724,-0.125,6.9859505,165.7787933,268.876709,0,-0.390625,7,26,147,0.2071985,44,17,635696.863,0
1,510,8.1973724,0.125,7.9613419,57.6211815,49.3987045,-0.25,0.140625,7,28,147,0.1553186,47,12,613815.8926,0
1,1052,14.1411104,0.375,6.0930972,24.1863518,82.8749847,0.3846154,-0.0060096,7,28,147,0.157161,48,12,685652.1618,0
1,1194,11.8714609,0.5,6.8124013,36.9968262,221.9872131,0.390625,-0.390625,7,35,147,0.1439583,52,15,795597.7148,0
0,1296,35.6842194,0.625,5.8736262,150.9843445,134.0608063,0.1835369,-0.9883381,7,28,147,0.1612926,52,13,834837.2462,0
1,575,17.2824745,-0.625,6.9814649,99.5597687,51.1155014,-0.5625,0.21875,7,26,148,0.138779,47,11,551624.5127,1
1,541,36.4005432,-0.25,4.1746578,23.5923767,344.6383972,0.0228153,0.4134403,7,27,148,0.105631,43,12,311315.984,1
1,533,33.3380852,-0.625,5.9624896,157.8756409,344.1480713,-0.0107511,0.7704989,7,27,148,0.0910765,43,12,337615.9252,1
1,552,34.0212021,1,4.7735405,43.2020874,336.1048279,0.5294958,-0.6423792,7,27,148,0.0890705,43,12,349845.7602,1
1,549,28.9755535,0.375,3.3618438,0,343.6104736,0.4528264,-1.1096736,7,27,148,0.096326,43,13,390677.6579,1
0,673,7.3419414,-0.375,9.6815376,265.9358215,345.9637451,-0.3676471,0.0229779,9,21,148,0.2195731,54,14,616826.5028,0
0,540,1.4152212,0.25,10.1948633,16.6016788,288.4349365,0,-0.390625,7,34,148,0.2067378,43,14,661462.976,0
0,964,2.530493,-0.25,5.6314187,0,33.6900673,0.390625,-0.390625,7,23,148,0.1521102,51,12,685926.8902,0
1,807,17.3540249,0,6.3304577,49.999115,126.8698959,0,0,7,27,148,0.2188489,49,14,748118.2485,0
1,516,0,0,10.3734913,0,-1,0,0,7,26,148,0.1892172,43,16,663004.1248,0
0,824,10.0441513,-1.125,9.1518545,294.7253418,311.4236755,-0.8789062,0.6835938,7,25,148,0.1600363,50,12,628146.8714,0
0,833,20.1667995,0.375,6.9372668,125.4170227,217.8749847,-0.390625,0.390625,9,25,148,0.2482098,53,12,783547.9198,0
0,1004,26.2315521,0.25,6.6974244,174.0232391,7.5946426,0.0443504,0.4349754,7,28,148,0.1095462,49,13,456725.6551,0
0,863,33.5445633,-0.375,5.8211336,137.9020233,135.9548492,-0.4882812,0.2929688,9,25,148,0.1674308,55,13,766393.6393,0
0,1641,50.4129486,-1,4.6611519,135.4429932,320.2418213,-0.2625512,0.9093238,7,34,148,-0.0212203,52,13,339486.2377,0
1,523,6.7860842,0,6.5023365,7.6156445,113.1985931,0,0,7,29,148,0.1854399,44,15,680283.1852,0
0,762,16.5131702,0,3.967392,0,338.7494812,0.390625,-0.390625,7,26,148,0.1436673,46,12,533545.982,0
0,1082,27.1854286,0.625,3.4369566,0,153.824707,0.6151631,-0.1660869,7,27,148,0.1916133,47,15,853751.523,0
1,889,8.9891911,-1,12.7799911,9068.451172,258.6900635,-0.4356971,-0.4356971,7,28,148,0.1667141,43,14,701478.0588,0
0,968,17.3540249,0,6.0120039,34.9993782,143.1300964,0,0,7,26,148,0.157566,50,18,790191.1169,0
1,1040,4.8097205,0.5,5.2360263,0,21.8014088,0.390625,-0.390625,9,25,148,0.1571785,52,12,677286.0022,0
1,758,3.2244489,0.5,7.0672708,4.3010902,125.5376816,-0.234375,0.15625,7,28,148,0.2038765,46,15,704551.8726,0
0,822,2.0010183,-0.5,9.1895924,11.7391605,206.5650482,-0.390625,0.390625,7,25,148,0.2048637,49,19,708585.0793,0
0,409,13.7160387,0.125,4.8719635,3.905057,39.8055725,0.4226435,0.0320184,7,31,148,0.0631443,43,14,547123.342,0
0,402,33.1026497,-1.125,5.5967479,104.3110275,45.9710197,-0.0148456,1.1570294,9,28,149,0.1504916,54,11,397264.9896,1
0,460,41.4929123,0.625,4.8401208,84.9103851,47.1475868,0.2934558,-0.4877942,9,28,149,0.1366844,54,11,362604.2841,1
0,489,36.965107,0.75,5.3564715,132.6854095,47.2906113,-0.1942334,-0.1942334,9,28,149,0.1576836,54,11,374644.3817,1
0,431,35.112011,1.5,4.9437075,54.6639862,329.0362549,0.6714374,-0.8910626,7,31,149,0.1259719,46,11,359472.4621,1
1,834,20.3336697,0.25,6.0887828,52.1146049,327.3390808,0.0861673,0.0861673,9,25,149,0.0980836,56,11,522080.199,1
1,648,30.4628849,0.875,6.2649283,166.2227478,320.4923096,-0.0571646,0.3334604,7,27,149,0.073777,52,9,422988.2569,1
1,610,8.8806591,0.375,8.2334423,89.9984665,0,0,0.390625,7,33,149,0.1374681,43,14,593816.6057,1
1,542,25.703434,-0.75,6.8384037,151.0920563,68.8059464,-0.6564349,0.5154401,7,25,149,0.1272135,43,12,553727.6102,1
1,516,18.5457268,-1.125,8.372674,483.0868225,27.7585392,-0.625,0.546875,7,27,149,0.1068111,44,13,489840.5361,1
1,526,32.237114,-0.75,4.8414855,40.3600273,311.9872131,-0.5839546,0.1972954,7,26,149,0.1129045,43,12,421792.2673,1
1,577,25.2670288,0.625,5.8553576,80.5046463,25.7693272,-0.4006045,-0.4006045,7,27,149,0.1255428,44,13,428456.72,1
1,568,25.5493431,0,5.9064889,76.4838257,11.3099318,-0.3605769,-0.3605769,7,27,149,0.1135211,44,13,423741.1409,1
1,643,19.8958778,0.625,5.5779572,28.9525585,283.7362671,0.3410457,-0.4402043,7,28,149,0.1229855,47,11,598614.2943,1
1,648,30.4628849,0.875,6.2649283,166.2227478,320.4923096,-0.0571646,0.3334604,7,27,149,0.073777,52,9,422988.2569,1
1,834,20.3336697,0.25,6.0887828,52.1146049,327.3390808,0.0861673,0.0861673,9,25,149,0.0980836,56,11,522080.199,1
1,722,13.7160387,0.375,6.1247263,23.4303417,230.1944275,0.2305328,-0.1600922,7,26,149,0.1753192,44,14,730152.5228,0
0,1305,25.1148357,0.875,6.2362127,104.9980011,306.8699036,0.34375,-0.828125,7,26,149,0.0773237,51,16,540203.8835,0
0,830,33.0347557,0.125,5.7663894,124.8492737,215.2175903,-0.0541282,-0.4447532,7,27,149,0.2415176,52,12,800165.0908,0
0,778,12.6993036,0,5.3569045,7.210978,123.6900711,0,0,9,23,149,0.2202285,53,13,732251.6942,0
1,570,11.9824038,-0.375,10.0688934,1223.037231,344.0545959,-0.7517689,0.4201061,7,28,149,0.1517317,45,15,556679.8593,0
0,657,16.567276,0.25,5.5910592,19.0390949,246.8014069,0.1369201,-0.2537049,7,27,149,0.2743831,51,12,701013.4361,0
0,488,2.8287177,0,6.4533062,0.7905562,288.4349365,0,0,7,29,149,0.1125475,43,14,648815.3573,0
0,859,23.2628937,-0.5,8.7835255,1151.057495,111.8014069,-0.390625,0.390625,7,25,149,0.2114789,49,13,712519.5725,0
1,569,0.6330091,0.125,9.6803436,0,-1,0,0,7,27,149,0.2215725,50,15,669098.5661,0
0,569,10.7627411,0.375,5.1207829,3.0413291,9.4623213,0.3800676,-0.0105574,7,29,149,0.1500977,49,13,574784.2968,0
0,586,5.3558249,-0.375,5.9426913,3.9999323,180,0,0,7,32,149,0.2042718,48,14,719746.1336,0
1,811,13.0769005,-0.125,6.8671689,48.3138885,109.6538239,-0.0294811,0.3611439,7,27,149,0.2310539,51,14,713195.2348,0
1,826,2.6082666,-0.375,8.1163254,9.9150991,56.3099327,-0.3125,0.078125,7,28,149,0.1902699,47,12,678673.4337,0
0,450,27.979475,-0.125,5.1950097,42.4991608,0,0,0.390625,7,29,150,0.1548725,45,11,389820.2577,1
0,597,15.6161299,0.5,6.3463426,40.2485161,296.5650635,0,-0.78125,7,26,150,0.1753261,48,11,593809.9757,1
0,595,16.567276,0.5,7.3817301,147.7302399,293.9624939,0.064433,-0.326192,7,26,150,0.1761475,48,11,589426.6207,1
0,584,18.3476067,-0.25,6.9643426,111.4291687,285.0183716,-0.3046158,0.0860092,7,26,150,0.1677381,48,11,601140.349,1
0,471,35.0553322,-0.125,5.0714202,67.3567047,307.7630615,0.0946514,0.0946514,7,29,150,0.1325662,49,13,419977.3518,1
0,484,40.7100105,-0.375,5.2423735,121.6844482,33.6900673,0.2666608,-0.1239642,7,24,150,0.1115417,51,14,320553.536,1
0,501,41.6012192,-0.5,5.0876312,113.6457977,28.3690453,-0.390625,0.390625,7,24,150,0.1162112,51,14,295144.7568,1
0,528,43.5770226,0.25,5.1238408,137.0157776,32.2547112,0.1841807,-0.2064443,7,29,150,0.1306866,51,13,298139.1186,1
0,423,42.6885834,-0.5,5.3372083,162.3391266,38.8113823,-0.390625,0.390625,7,29,150,0.128224,51,13,317998.9996,1
0,391,31.5897865,-1.625,6.6911726,295.1739197,27.2161102,-0.78125,1.171875,7,29,150,0.1090553,51,13,349688.8312,1
0,412,34.0354309,-0.125,6.4012923,234.1267395,24.6768627,-0.3125,0.078125,7,26,150,0.133878,50,14,351511.2389,1
1,640,13.6210003,0.125,7.6206446,123.9978333,0,0,0,7,28,150,0.1305193,46,14,546471.2342,1
1,580,15.0588102,0.125,6.1611972,30.1330261,244.1790161,-0.078125,-0.078125,7,32,150,0.1747917,39,14,698724.9684,1
1,547,30.8902245,-0.875,5.4819002,76.5751953,319.2363892,-0.3767123,0.7951627,7,26,150,0.0831136,44,12,407314.3782,1
0,430,17.107151,0.375,4.6408901,4.9243412,336.0375061,0.064433,-0.326192,7,29,150,0.1762105,41,14,509700.4767,1
1,791,13.7430525,0.5,5.1423697,8.9441147,333.4349365,-0.15625,-0.15625,7,32,150,0.1329179,50,13,554125.8543,1
1,968,28.6632996,-0.5,5.4541659,61.2237778,59.0362434,-0.5629596,0.2182904,7,24,150,0.0992874,48,16,511097.9744,1
1,541,34.690567,0,4.6228051,30.1350002,343.3690491,-0.0107511,0.7704989,7,29,150,0.0942473,45,13,350174.6429,1
0,450,27.979475,-0.125,5.1950097,42.4991608,0,0,0.390625,7,29,150,0.1548725,45,11,389820.2577,1
0,597,15.6161299,0.5,6.3463426,40.2485161,296.5650635,0,-0.78125,7,26,150,0.1753261,48,11,593809.9757,1
0,595,16.567276,0.5,7.3817301,147.7302399,293.9624939,0.064433,-0.326192,7,26,150,0.1761475,48,11,589426.6207,1
0,584,18.3476067,-0.25,6.9643426,111.4291687,285.0183716,-0.3046158,0.0860092,7,26,150,0.1677381,48,11,601140.349,1
0,625,8.8148565,-0.25,7.7655268,54.5850143,220.9143829,-0.15625,0.234375,7,24,150,0.2350231,47,11,718736.7961,0
0,985,32.6678467,0.125,4.3140831,20.5178528,313.0250549,-0.0129899,-0.4036149,9,26,150,0.1165524,53,14,440153.9741,0
0,869,12.0452871,0.25,8.6440754,186.587265,59.0362434,-0.390625,0.390625,7,26,150,0.1725021,52,12,626774.9754,0
1,911,7.5782466,0.125,10.0292311,402.3124084,273.3664551,0,0,9,21,150,0.2133557,58,9,694370.5431,0
0,579,1.7899107,-0.375,9.0972137,8.4998579,0,0,0.390625,7,26,150,0.2269045,45,16,654531.5188,0
1,714,10.6376562,0.125,4.5116239,0,349.6951599,0.390625,-0.390625,7,33,150,0.1826335,50,16,596006.195,0
0,1010,16.2614326,-0.625,7.1367421,102.6730423,172.3039551,-0.4120618,0.3691882,7,26,150,0.2127494,48,14,785667.4077,0
1,642,13.0769005,-0.125,8.2147007,124.4572067,332.3540344,-0.4767923,0.3044577,7,28,150,0.1703302,47,13,585695.2515,0
1,490,13.1906109,-0.875,6.9917698,56.2490234,216.8699036,-0.5507172,0.6211578,7,25,150,0.230755,46,13,719303.4504,0
0,597,6.4286017,0.375,6.3333249,5.4082355,56.3099327,0.1201923,-0.2704327,7,23,150,0.2005233,48,15,637641.6905,0
0,1022,3.4049833,0.75,5.5777464,0,23.1985893,0.390625,-0.78125,7,26,150,0.1519683,49,16,688051.1774,0
0,1078,15.5812683,-0.25,6.6851077,49.7032585,264.8055725,0.3605769,-0.0300481,7,27,150,0.1782772,47,19,708820.7532,0
0,744,6.2102365,0.375,4.9815588,0,248.9624939,0.3320312,-0.4492188,7,25,150,0.2459321,48,13,699722.8941,0
0,718,5.9836473,0.125,5.6169033,1.8455716,331.6992493,-0.0300481,0.3605769,7,36,150,0.1850492,48,11,631138.6444,0
0,686,7.6553206,0,5.870656,4.3010898,125.5376816,0,0,9,21,150,0.2158264,54,14,710062.1378,0
0,724,20.8795948,0.125,5.7474341,45.6335678,212.4711914,-0.2136949,0.5675551,7,34,150,0.2690027,46,11,787111.4949,0
0,1652,23.9482059,0.25,5.4132123,34.15205,304.5625305,-0.7390203,0.4328547,7,28,150,0.0168697,51,14,607008.4521,0
0,437,5.3558249,0.375,6.5154133,4.4999242,180,0,-0.390625,7,29,150,0.2011483,37,16,692466.2352,0
1,545,29.698967,-0.375,4.4309464,18.2513447,36.0850716,-0.2974846,0.4837654,7,27,151,0.1072987,44,13,413141.3521,1
1,540,33.9462967,-0.25,7.2388854,505.8215637,334.0935059,-0.46875,0.703125,7,27,151,0.0891218,42,12,368895.2637,1
1,535,31.7662678,-0.5,4.8597422,39.6287117,330.5241089,-0.1857728,0.2048522,7,27,151,0.1001779,42,12,373493.6905,1
1,558,29.4941483,0,3.4706266,0,335.8544617,0.8824704,-0.6800296,7,27,151,0.1243982,44,13,426658.8196,1
1,547,29.3954926,-0.625,4.7309532,27.04109,33.6900673,-0.6610577,0.5108173,7,27,151,0.1090414,44,13,410302.5148,1
1,513,12.4604664,-0.75,7.7743225,113.1351318,278.1300964,-0.5,0.28125,7,28,151,0.1265621,41,14,616525.6679,1
1,554,31.4904594,0.25,3.9781635,9.568634,326.7250977,-0.2194522,0.5617977,7,28,151,0.0814112,46,11,394308.6027,1
0,661,12.0452871,-0.25,8.3901358,198.0158386,23.7494946,-0.234375,0.15625,7,24,151,0.1981706,52,16,577402.7041,1
0,645,13.3032112,-0.375,7.2264094,77.8607025,354.4724731,-0.4086539,-0.0180288,7,24,151,0.1819306,52,16,552365.7555,1
0,354,19.9725742,-0.5,7.8568125,338.1890564,329.0362549,-0.1723346,-0.1723346,7,37,151,0.161035,45,10,469382.528,1
0,385,31.0316734,-0.75,5.5816741,86.6305389,307.6139526,-0.7240854,0.4477896,7,37,151,0.1655911,45,10,438862.4644,1
1,540,4.5986633,-0.5,10.5784683,193.416626,333.4349365,-0.3125,0.078125,7,27,151,0.1268904,36,16,634123.28,1
1,524,8.5462551,-0.625,7.9570889,62.5139389,8.9726257,-0.4281851,0.3530649,7,26,151,0.101335,40,13,590248.8783,1
1,524,8.9242411,0.125,8.398922,98.5796738,8.9726257,-0.4281851,0.3530649,7,26,151,0.0893423,40,13,589890.1311,1
0,842,19.47122,0,7.6596508,260.2105713,135,0,0,7,28,151,0.2474481,48,12,770383.5938,0
0,713,24.5294094,-0.875,5.16436,29.2056084,38.0470428,-0.53125,0.640625,7,25,151,0.163485,52,13,470721.2541,0
1,764,7.3419414,0.375,5.4264927,2.2360301,26.5650501,0,0,7,25,151,0.1501559,50,15,625074.9866,0
0,621,5.0902562,0.125,6.565999,4.2755861,142.1250153,0.0976562,0.0976562,7,25,151,0.2256412,52,14,703116.955,0
1,757,5.950552,0.375,5.1155629,0,189.462326,0.390625,-0.390625,7,26,151,0.2375361,47,11,728566.084,0
1,1138,20.1667995,0.625,5.1578388,17.6286678,60.7086372,-0.4026648,-0.4026648,7,25,151,0.1089639,48,14,607178.6928,0
1,1064,23.9482059,0.25,6.914165,191.8674316,50.7105942,0.390625,-0.390625,9,28,151,0.113269,56,10,540202.6153,0
0,617,2.0010183,0.5,6.0985494,0,296.5650635,0.390625,-0.390625,7,29,151,0.1643339,48,11,664732.8842,0
0,528,33.7231216,0,4.273941,21.3595524,69.4439545,0.1346983,0.1346983,9,30,151,0.173481,53,12,493109.1474,0
0,401,0.6330091,0.125,14.8621273,0,-1,0,0,7,29,151,0.2069757,44,16,651532.2074,0
0,774,13.6210003,0.125,5.9119177,20.7096901,84.8055725,0.3605769,-0.0300481,7,28,151,0.2059841,51,16,660188.4317,0
1,651,7.9558001,0,5.4264927,2.2360301,116.5650482,0,0,7,26,151,0.1852653,47,12,696852.4326,0
1,787,13.7430525,-0.5,5.7566252,16.1242352,209.7448883,0.2644231,-0.1262019,7,29,151,0.1875005,46,13,763561.1911,0
1,925,30.9974937,-0.5,5.845387,115.3514328,12.7712421,-0.0559516,0.3346734,7,24,152,0.088963,48,14,368383.7643,1
0,413,29.5175514,0,6.4834456,148.3918762,39.8055725,0.1921107,0.1921107,7,29,152,0.1568561,44,12,445055.4554,1
0,396,31.0188637,-0.875,6.8631129,336.7260437,24.5671711,-0.409437,0.7624381,7,29,152,0.0938694,49,15,346339.5688,1
0,422,40.078331,-0.625,3.6252267,13.625246,22.0942307,-0.0352368,0.7460132,7,29,152,0.1168287,49,15,279692.0364,1
0,395,33.6140327,-1,3.872596,10.6357965,29.5778389,-0.0184257,0.7628243,7,29,152,0.081193,49,15,347090.994,1
1,724,13.6210003,-0.625,8.7811308,379.9408875,249.2277527,-0.3199084,0.4613416,7,27,152,0.1657401,44,15,696505.893,1
1,727,13.3451557,-0.25,5.5934515,11.3864727,252.7585449,-0.0810731,0.3095519,7,27,152,0.1661002,44,15,693573.7007,1
1,728,11.2647743,-0.25,8.7505894,248.5729065,348.6900635,-0.4117399,-0.0211149,7,27,152,0.1330616,46,15,579505.8905,1
1,509,31.0103188,0,6.3297091,191.3399963,118.9091873,0.3098606,-0.4713894,7,28,152,0.1611608,39,14,681681.3695,1
1,575,32.4225349,-0.125,4.8343353,40.6501045,31.9306812,-0.2491425,-0.2491425,7,25,152,0.0918405,46,11,380752.7303,1
1,575,32.4225349,-0.125,5.4658184,77.8187027,25.9065075,-0.3125,0.078125,7,25,152,0.1025212,46,11,376285.9136,1
1,538,6.3359685,-0.25,7.5264854,21.3186455,320.7106018,-0.0300481,0.3605769,7,25,152,0.1356381,36,15,621134.0463,1
0,748,22.6111221,0.5,5.109695,18.5005054,252.2995758,-0.0585938,-0.0585938,9,24,152,0.2153406,54,12,687537.1846,1
1,925,30.9974937,-0.5,5.845387,115.3514328,12.7712421,-0.0559516,0.3346734,7,24,152,0.088963,48,14,368383.7643,1
0,413,29.5175514,0,6.4834456,148.3918762,39.8055725,0.1921107,0.1921107,7,29,152,0.1568561,44,12,445055.4554,1
0,742,22.9228477,0.625,3.6461077,0,246.8014069,0.2634985,-0.1271265,9,24,152,0.1929324,54,12,701101.4843,1
0,685,14.2709322,0.5,4.8928008,3.8241982,101.3099289,0.3846154,-0.0060096,7,31,152,0.2161466,49,10,679302.3631,0
0,735,12.83144,-0.125,4.9407845,3.6442816,239.0362396,-0.0901442,-0.0901442,7,26,152,0.1998389,46,11,719403.6454,0
0,1086,28.1429424,0.375,4.4950027,17.1169033,6.709836,0.0959898,-0.2946352,7,27,152,0.1008928,49,18,419612.9498,0
0,1717,39.5234375,-0.875,4.5731821,52.8002663,65.3764343,-0.3104824,0.8613926,9,26,152,-0.0017729,59,13,540925.6164,0
0,705,21.1414375,0.125,5.1064272,18.5612125,8.1301012,0.0316723,0.0316723,7,27,152,0.1292765,45,16,477878.3086,0
0,426,3.9971669,0.375,5.4194126,0,116.5650482,0.3125,-0.078125,7,30,152,0.2083948,43,12,665835.5991,0
0,513,2.530493,-0.25,9.8583765,37.4760284,315,-0.390625,0.390625,7,27,152,0.2037898,46,15,647441.0464,0
0,530,3.9971669,0.375,5.4194126,0,206.5650482,0.3125,-0.078125,7,22,152,0.1866711,46,13,689846.9415,0
1,777,23.0277214,-0.125,6.3939643,89.6420822,51.3401909,0.1905488,0.1905488,7,31,152,0.1826474,51,12,527520.154,0
1,1021,6.3047781,0,8.6498423,80.308197,11.3099318,-0.4136029,-0.0229779,7,27,152,0.1316187,51,13,653770.5596,0
1,677,27.979475,0.625,3.4032505,0,241.9275208,0.6947448,-0.4771302,7,34,152,0.2481499,47,9,713740.0637,0
0,492,14.1541548,0.125,4.8393774,4.0349326,196.189209,0.0459559,0.0459559,7,28,152,0.2184555,41,13,747180.914,0
1,765,3.5763345,0,7.9272161,9.9998322,0,0,0,9,28,152,0.1740227,54,14,657389.2736,0
1,856,8.5462551,0.375,5.9659977,7.8300962,286.6992493,-0.0538793,0.3367457,9,26,152,0.1733113,56,12,666402.9228,0
0,934,21.1414375,0.125,6.9914718,177.5614777,261.2538452,-0.0090318,0.3815932,7,25,152,0.1593729,51,17,667832.7969,0
0,396,0,0,12.8158379,0,-1,0,0,7,29,152,0.2317444,45,14,649300.8249,0
0,872,6.3359685,-0.25,7.7196193,27.0411758,236.3099365,-0.1201923,0.2704327,7,27,152,0.1590977,51,12,724067.1396,0
1,890,29.419035,-0.5,5.2896099,54.1341591,42.7542572,-0.4717452,-0.0811202,7,31,153,0.0701551,46,16,448687.271,1
0,432,35.8376923,1.5,3.72913,12.2790222,345.2564392,0.78125,0,7,30,153,0.114606,48,14,301066.8578,1
1,525,17.1278934,-0.75,3.9035196,0,330.9454041,0.2063679,0.2063679,7,27,153,0.0945624,45,12,509765.0689,1
1,573,11.4819918,-0.875,8.4220715,185.2468109,247.3801422,-0.46875,0.703125,7,29,153,0.1894653,43,12,685700.5759,1
0,587,21.8261108,-0.25,7.1816621,205.0523071,20.5560455,0,0,7,39,153,0.1245778,49,9,467647.6326,1
0,600,27.710331,0,6.2364635,135.9973145,118.0724869,-0.075692,-0.466317,7,31,153,0.2201376,50,10,701448.6318,1
1,520,30.5114059,-0.75,4.966536,35.6082764,321.8427734,-0.0517547,0.3388703,7,27,153,0.1022061,40,13,414548.7737,1
1,525,17.1278934,-0.75,3.9035196,0,330.9454041,0.2063679,0.2063679,7,27,153,0.0945624,45,12,509765.0689,1
0,629,30.7518959,0.5,3.9519463,9.8232384,14.7435617,-0.390625,0.390625,7,39,153,0.1364576,49,9,369867.1673,1
0,633,29.0382652,0.125,7.9025626,826.0949097,13.8406944,-0.3812948,-0.3812948,7,39,153,0.1376359,49,9,395514.5488,1
1,890,29.419035,-0.5,5.2896099,54.1341591,42.7542572,-0.4717452,-0.0811202,7,31,153,0.0701551,46,16,448687.271,1
0,911,20.1667995,0.875,4.5447927,5.4226556,244.0256042,-0.0673491,-0.0673491,9,23,153,0.1936718,56,13,737378.9447,0
0,677,14.8510628,0.25,9.0039845,673.0147705,310.6012878,-0.0275735,-0.4181985,9,27,153,0.2149327,56,10,568125.0434,0
0,1059,22.2638435,-0.25,4.3563948,6.5501647,48.094059,-0.230922,0.159703,7,23,153,0.094427,45,20,531572.0712,0
0,711,2.0010183,0.5,6.0985494,0,116.5650482,0.390625,-0.390625,7,27,153,0.1976079,49,17,680544.8895,0
0,876,19.0430126,0.5,6.0306635,44.1806488,275.1944275,0.4258453,-0.3554047,9,25,153,0.1789413,57,13,645730.0877,0
1,853,13.289196,1.125,4.2114959,0,124.2157059,0.6911058,-0.8713942,7,27,153,0.1851521,47,17,741450.7548,0
0,1123,12.6103392,0.5,6.0791264,11.6617041,239.0362396,0.390625,-0.390625,7,28,153,0.1695589,50,12,760936.3764,0
0,2051,42.3362198,0.25,3.9881692,28.4356346,96.5626984,0.3743695,-0.7975055,9,26,153,0.0144173,62,12,736605.9762,0
1,791,18.5457268,-0.5,9.2998934,1229.187622,297.7585449,-0.390625,0.390625,7,26,153,0.1818826,51,15,589552.0837,0
0,422,22.1684456,0,4.7666049,13.0381622,355.6012878,0.3860294,0.3860294,7,29,154,0.1361956,43,15,445175.7266,1
1,585,21.7582397,-0.375,5.0748768,19.1577053,266.6335449,-0.3756893,0.4055607,7,27,154,0.1917998,42,12,639886.4264,1
0,639,23.9613533,0.75,6.7593975,163.5437317,10.124671,-0.0390625,-0.8203125,7,37,154,0.132585,47,10,446959.8483,1
1,745,13.3451557,0.25,8.1401348,182.1061859,289.6538086,-0.390625,0.390625,7,36,154,0.1458879,48,12,632166.1645,1
0,422,22.1684456,0,4.7666049,13.0381622,355.6012878,0.3860294,0.3860294,7,29,154,0.1361956,43,15,445175.7266,1
0,771,30.387619,0.5,4.7389255,44.725975,84.2256775,-0.0139247,-0.4045497,9,35,154,0.1461193,53,11,565867.6304,1
1,733,2.0010183,-0.5,11.1484051,86.6461868,116.5650482,-0.390625,0.390625,7,25,154,0.1605692,50,16,691986.0324,0
1,807,14.4631138,-0.375,6.1574063,22.6739311,304.2156982,0.0901442,0.0901442,7,22,154,0.1232482,50,14,614552.6772,0
0,962,17.3540249,0,6.2351475,44.9992027,216.8699036,0,0,7,28,154,0.2205466,49,12,791965.3459,0
1,750,6.3359685,0.25,7.0409775,12.4358768,320.7106018,0.0300481,-0.3605769,7,28,154,0.2550793,43,14,643670.0531,0
1,801,18.6018333,0,7.2126241,152.799408,110.0952301,0.0673491,0.0673491,9,24,154,0.141309,53,13,708286.242,0
0,478,3.5763345,0,9.1128397,34.9994125,180,0,0,7,25,154,0.2292941,44,16,685795.3957,0
0,1154,13.6210003,0.625,4.1860108,0,69.2277451,0.3199084,-0.4613416,7,21,154,0.1374196,45,15,670105.5387,0
0,892,18.9157162,-1.125,10.7603264,5543.140137,245.7722626,-0.9375,0.234375,7,22,154,0.2017646,48,8,701847.7122,0
0,524,1.4152212,-0.25,6.4336629,0,108.4349518,0,0.390625,7,26,154,0.207883,46,15,667008.8513,0
1,903,14.2709322,0,5.2515793,8.0154705,266.4236755,0,0,7,26,154,0.1356218,48,14,692470.2688,0
0,842,22.057642,-0.125,5.9761095,58.3472824,160.8663635,0.0585938,0.0585938,7,27,154,0.2091462,52,10,808246.808,0
0,645,11.8555164,0.375,7.9123902,117.5544662,45,-0.2929688,0.4882812,7,26,154,0.2202697,49,12,597333.8391,0
1,724,5.9836473,-0.5,7.9090338,28.5093842,63.434948,-0.390625,0.390625,7,26,154,0.1693518,49,16,659440.7071,0
1,580,20.1667995,0.125,5.850986,41.1335602,271.2188721,0,0,7,31,154,0.1915592,39,13,631894.3969,0
0,526,34.867218,-1.375,5.4634886,97.5166473,286.7625427,-0.0368514,1.1350236,7,29,155,0.1553966,50,15,512490.0804,1
0,399,26.8864059,-0.25,5.241581,40.5616608,33.6900673,0.503125,0.503125,9,27,155,0.115576,55,12,413881.6669,1
1,567,13.7834597,0.25,6.2531815,27.4750805,260.8376465,0.3605769,-0.0300481,7,31,155,0.1824949,40,13,667023.3467,1
0,723,28.2088928,0.5,6.8235893,241.812912,257.0053711,0,-0.78125,9,28,155,0.1806116,52,13,650011.4318,1
0,558,21.960968,0.375,6.5115819,103.2259903,54.4623222,0.2621644,-0.1284606,7,26,155,0.1640107,51,13,523364.2166,1
0,523,21.4220619,-0.25,5.0598187,19.4490929,56.00354,0.3021599,-0.4790901,7,27,155,0.1583681,48,12,524082.2764,1
0,531,22.1684456,0,5.689805,36.2484741,65.5560455,-0.2568493,-0.2568493,7,28,155,0.1909703,50,13,563428.1642,1
1,865,3.1619606,0.125,5.6506839,0,351.8699036,0,0,7,27,155,0.1874068,48,13,672210.6808,0
0,1065,8.8806591,-0.125,5.7211361,4.9999146,216.8699036,-0.4375,-0.046875,7,26,155,0.2040397,44,13,772120.3682,0
1,940,21.1493034,0.125,7.2990208,242.7969971,40.3645363,-0.2158149,0.1748101,7,26,155,0.1435146,45,12,521922.2237,0
0,467,9.9091673,-0.125,5.204771,2.7950373,296.5650635,-0.0538793,0.3367457,7,27,155,0.1905275,42,13,613787.5755,0
0,754,7.9558001,-0.25,8.6251659,107.3294449,63.434948,-0.15625,-0.15625,9,26,155,0.1737832,55,12,632085.33,0
1,856,28.7859764,-0.625,4.7559476,26.3724003,240.154068,-0.2699908,-0.2699908,7,26,155,0.1791365,46,16,735112.2183,0
0,887,15.6161299,0,7.1792517,98.3852615,296.5650635,0,0,7,22,155,0.1515615,53,14,618577.0345,0
0,634,1.7899107,-0.375,10.5635509,38.4993553,270,0,0.390625,7,23,155,0.1859963,52,11,666422.4302,0
0,327,1.8984097,-0.375,10.1358547,3.1819272,315,0,0,7,28,155,0.2196324,38,18,639482.6299,0
1,760,33.1327324,0.25,4.9717603,53.1495972,41.1859245,0,0,7,32,155,0.103403,50,15,400619.8266,0
1,765,17.107151,-0.375,7.6233144,194.6305542,292.0679016,-0.1369201,0.2537049,7,24,155,0.2035361,48,12,604166.9113,0
1,586,1.7899107,0.375,11.3426409,84.4985809,90,0,-0.390625,7,25,155,0.1946385,46,17,670534.1552,0
0,446,20.6862946,0.5,8.4955425,958.446228,333.8860779,-0.1543445,-0.5449695,7,30,156,0.1405935,45,12,438100.4437,1
0,437,33.1590118,1.125,6.5673585,334.1427612,44.0906181,0,0,7,33,156,0.1434388,48,13,388094.4485,1
0,450,29.8967075,-0.375,4.9337831,36.7959938,42.7974014,-0.1797125,0.2109125,7,33,156,0.1318029,48,13,416893.1869,1
0,397,33.9927063,0,5.2317791,57.362793,41.8201714,0.0926991,0.8739491,7,33,156,0.104451,48,13,404388.798,1
0,533,24.5990257,-0.25,5.1340098,30.107563,54.4623222,-0.15625,0.234375,7,27,156,0.1838963,49,11,503008.5781,1
0,540,22.950882,0.5,5.015831,20.3258667,52.4958572,-0.1435811,-0.5342061,7,27,156,0.1909704,49,11,516764.11,1
1,594,10.0441513,0.125,6.6951189,22.6711807,138.5763397,0.0976562,0.0976562,7,26,156,0.1589734,47,12,716929.8935,1
0,422,1.8984097,-0.625,12.6614714,356.375824,135,-0.4882812,0.2929688,7,32,156,0.1860036,46,12,609043.198,1
0,521,23.1180534,-0.5,5.2308908,27.32164,55.4374733,0.1435811,0.5342061,7,27,156,0.1636936,49,11,519011.0893,1
0,659,3.8448195,-0.25,7.6639137,10.6725073,18.434948,-0.234375,0.15625,7,29,156,0.1794364,49,15,643327.9451,0
1,993,24.9179153,0.375,5.4830222,44.5973587,340.3461609,-0.0106052,-0.4012302,7,25,156,0.1046362,44,14,469977.7917,0
0,1119,19.47122,0,6.6998749,96.1647797,45,0,0,7,29,156,0.1082548,49,14,563727.6217,0
1,848,11.3989887,-0.25,5.062191,3.2258165,324.4623108,-0.0571646,0.3334604,9,25,156,0.1589392,53,12,608338.2972,0
0,1600,40.5054779,-0.375,4.3152733,41.0028229,309.8055725,0.0275735,0.4181985,7,31,156,0.0569793,46,17,445690.0091,0
0,660,4.046659,-0.125,9.655735,78.101387,186.3401947,0,0,7,25,156,0.2668969,48,11,706591.6399,0
0,549,2.0010183,-0.5,6.0985494,0,63.434948,0.390625,-0.390625,7,27,156,0.1533277,51,11,656980.5947,0
1,542,16.567276,0.25,7.5651402,166.5920868,166.3286896,0.0597426,-0.3308823,7,27,156,0.2433249,43,14,763844.1892,0
1,764,6.9294004,0.375,6.8178825,11.6670647,315,0.2929688,-0.4882812,7,27,156,0.1832902,45,12,644280.1314,0
1,620,19.6894035,0.625,5.2513633,16.0504131,307.405365,0,0,7,30,156,0.1922109,47,9,550416.2341,0
1,828,0.6330091,0.125,8.0431013,1.5811123,288.4349365,0,-0.390625,7,29,156,0.19088,45,14,691755.6894,0
1,607,2.2812335,-0.25,6.4533062,0.7905562,288.4349365,0,0,7,29,156,0.2034132,43,18,664948.8246,0
1,983,9.3274584,-0.25,6.9708066,26.2792969,267.2736816,0,0.390625,7,27,156,0.1312843,46,12,706084.789,0
0,886,10.2710886,0.25,5.1683507,2.8993037,352.5686035,0.4117399,0.0211149,7,25,156,0.1656557,51,11,607580.9229,0
1,748,10.6196556,0,5.5812654,5.7553339,182.4895477,0,0,7,27,156,0.2227126,47,12,758081.3079,0
0,519,18.9157162,0,4.9392548,10.9656582,46.8476105,-0.1953125,-0.1953125,7,28,157,0.2126309,51,13,533025.5785,1
1,491,31.112566,0.625,3.1669195,0,111.8014069,0.6465517,-0.9159483,7,30,157,0.1626088,42,11,650721.6624,1
0,477,15.4526339,0,6.5396833,48.6516075,42.7093887,0.1953125,0.1953125,7,27,157,0.1746556,52,11,547429.7697,1
0,570,17.2002487,0.125,7.5765758,193.7592773,11.3099318,0,0,7,28,157,0.1719894,52,10,507512.0913,1
0,519,18.9157162,0,4.9392548,10.9656582,46.8476105,-0.1953125,-0.1953125,7,28,157,0.2126309,51,13,533025.5785,1
0,862,10.4927044,-0.625,4.3982711,0,208.6104584,0.3125,-0.078125,7,25,157,0.1778684,49,12,764407.3459,0
0,640,10.6196556,0,6.2330227,14.9997425,90,0,0,7,26,157,0.2225331,44,11,663669.3026,0
1,834,11.9824038,0.625,8.5806437,237.6997528,96.3401947,0.4179688,-0.3632812,7,32,157,0.1969881,49,11,688941.0375,0
1,804,6.8149977,0.25,4.8886423,0,168.6900635,0.4136029,0.0229779,9,24,157,0.1947285,53,14,742186.7223,0
1,861,24.2672482,-1.375,5.1336164,18.0620632,355.2363586,-0.480239,0.301011,9,26,157,0.1025131,54,13,464763.3424,0
0,660,10.7981882,0.5,5.1174335,3.0515866,214.9920197,-0.3561581,-0.3561581,7,24,157,0.2504874,49,16,737399.6402,0
0,950,17.8053989,-0.5,7.6455121,200.1213989,102.9946136,-0.0375601,-0.0375601,7,27,157,0.2406403,47,10,710248.9079,0
0,703,15.6161299,0,7.6958795,180.9637299,62.7446709,-0.078125,-0.078125,9,26,157,0.1547831,54,16,596156.6949,0
1,591,30.8600636,0.75,5.9566092,138.9431458,40.9143829,0.8367703,-0.7257297,7,26,158,0.1363082,48,9,416310.2014,1
0,589,31.8111115,-0.5,5.807045,101.4129333,40.6012955,0.1930147,0.1930147,9,21,158,0.15219,53,11,426942.9534,1
1,456,31.8477116,0.625,5.4008312,83.0524445,92.0700302,-0.3813455,0.3999045,7,30,158,0.1672131,40,13,574455.2487,1
0,501,20.8795948,-0.375,5.6796618,36.6189957,55.0079803,-0.2621644,0.1284606,7,26,158,0.1943112,51,11,531850.9421,1
0,932,9.5525942,0.375,9.3023596,309.6416931,68.1985931,0.0538793,-0.3367457,9,26,158,0.162633,53,13,664523.8657,1
1,591,30.8600636,0.75,5.9566092,138.9431458,40.9143829,0.8367703,-0.7257297,7,26,158,0.1363082,48,9,416310.2014,1
0,933,10.12041,0.25,4.4902153,0,66.8014069,0.1212284,-0.2693965,9,26,158,0.162633,53,13,660076.0591,1
0,882,13.0769005,0.125,6.1740217,22.2987175,109.6538239,0.0294811,-0.3611439,7,27,158,0.2285958,52,13,721203.6543,0
0,746,23.4268208,-1,5.3983994,34.6629105,25.6410046,0.2616113,1.0428612,9,26,158,0.112868,57,13,449236.2802,0
0,583,4.5986633,0.5,5.28056,0,119.0546036,0.234375,-0.15625,7,25,158,0.2209154,49,13,684374.673,0
0,849,6.957696,0.5,6.5473123,10.932848,329.0362549,0.078125,0.078125,7,24,158,0.111591,48,12,636772.4798,0
0,1036,19.3476124,-0.25,6.5889554,84.2692413,110.8544617,0,0,7,27,158,0.2044712,49,14,737117.2981,0
0,788,14.0362434,-0.75,5.7643466,15.9997206,90,0,0.78125,9,24,158,0.1454295,55,14,633982.8347,0
0,722,15.5463133,0.125,6.7565007,62.3146286,128.1572266,-0.390625,0.390625,7,26,158,0.2098116,46,13,728299.5907,0
0,512,39.835537,1,7.3476634,1148.274414,34.6951523,0.035828,-0.354797,7,24,159,0.1128776,50,14,323071.8536,1
0,487,43.026783,0.625,5.0247145,121.0340958,38.2901611,0.3351788,-0.0554462,7,24,159,0.103401,50,14,317426.581,1
0,487,43.026783,0.625,5.2162638,152.6803894,39.6854553,0,0,7,24,159,0.1207403,50,14,320785.8401,1
0,537,21.0229759,0.25,5.9907856,57.4951286,300.5792236,0.0746417,0.4652667,7,25,159,0.1814096,49,18,538884.4483,1
1,693,23.7430267,0.125,5.3833828,35.1885567,326.5921631,-0.0901442,-0.0901442,7,27,159,0.113077,50,9,475210.4601,1
0,635,16.0722599,0.875,4.1452756,0,158.1985931,0.5320582,-0.2491918,7,28,159,0.2478102,46,9,761356.9935,0
0,937,14.0362434,0,7.5561056,115.9979706,270,0,0,7,24,159,0.1847036,50,15,688315.1285,0
0,491,27.2284737,0.125,7.0410204,266.0869446,116.5650482,0.3125,-0.078125,7,30,159,0.1996805,48,10,671180.0016,0
0,644,9.4917622,0.25,7.6276183,62.70858,217.8749847,0,0,7,23,159,0.1786685,50,12,725346.9871,0
0,716,7.1250162,0,6.8616486,14.9004593,86.6335373,0,0,7,26,159,0.2428713,52,10,673844.0036,0
0,427,24.1052647,0.375,4.9609003,21.4763241,347.9052429,0.3734756,-0.0171494,7,31,160,0.1384718,42,11,430394.6739,1
0,565,27.4791069,-0.375,6.7202516,216.3588715,57.2647743,-0.2763989,0.1142261,9,27,160,0.167159,56,11,489870.8383,1
1,795,7.3685889,0.125,7.6435819,33.1053314,115.0168915,-0.078125,-0.078125,7,24,160,0.2205326,51,14,711496.7982,0
1,763,14.6773567,-0.875,9.5765619,989.0028687,287.3540344,-0.4387842,0.7330908,7,27,160,0.1504926,50,15,618288.5588,0
0,924,13.5663481,0.625,4.9454918,3.6270916,268.0250549,0.78125,0,7,25,160,0.1371172,48,15,672609.6741,0
0,821,15.6161299,0,6.6828151,58.1367455,296.5650635,0,0,7,22,160,0.2265105,52,12,609167.141,0
0,857,18.0790958,-0.125,6.8334756,94.014946,201.0375061,0.0673491,0.0673491,9,24,160,0.2158262,55,15,797516.5889,0
1,1101,3.1619606,0.125,5.6506839,0,81.8698959,0,0,7,29,160,0.1758644,46,14,718772.2684,0
0,1637,43.3984871,1,4.2842593,42.2959099,284.8986816,0.3431776,-0.4380724,9,29,160,-0.0012015,52,16,573866.1269,0
0,987,8.5462551,0.375,4.661252,0,351.0273743,0.3530649,-0.4281851,9,23,160,0.145072,56,13,632030.2653,0
0,1579,27.1368694,0.375,5.5587897,55.1308784,54.0394821,-0.0460938,-0.0460938,9,30,160,0.0695176,55,12,577414.6997,0
1,650,25.1941547,1,5.9835815,57.91185,330.9454041,0.546875,-1.015625,7,35,161,0.1341863,48,11,488738.2858,1
0,489,22.7819195,0.25,8.398797,862.923584,313.5679016,-0.0976562,-0.0976562,7,27,161,0.1517515,49,13,482569.1343,1
1,435,23.7629986,-0.5,6.886517,183.153595,242.5255737,-0.2275659,0.5536841,7,29,161,0.1620191,41,12,668249.5165,1
1,880,14.3738031,-0.5,7.6565995,135.3077087,322.4313965,-0.390625,0.390625,9,27,161,0.1111016,54,11,587105.6616,1
0,578,18.5738068,-0.25,5.9661999,36.6450233,33.3106308,0.2103365,-0.1802885,7,28,161,0.1924459,51,10,521797.3701,1
1,650,25.1941547,1,5.9835815,57.91185,330.9454041,0.546875,-1.015625,7,35,161,0.1341863,48,11,488738.2858,1
0,638,15.0466833,-0.5,7.7167521,214.9961853,306.8699036,0.1875,0.1875,7,25,161,0.1553808,51,9,554286.1555,0
0,850,5.950552,-0.375,4.8140035,0,14.0362425,0.4136029,-0.7582721,7,27,161,0.1534296,47,13,634145.8785,0
0,717,20.1667995,0.125,4.4646916,5.8762226,209.2913666,0.0861673,0.0861673,7,27,161,0.2440299,47,11,784914.5174,0
1,787,9.8115196,0.25,7.0315375,29.6816654,256.6075134,-0.4281851,0.3530649,7,31,161,0.2043522,45,14,700021.8726,0
0,1180,19.6286373,0,4.8994269,11.4125061,28.8107929,-0.1723346,-0.1723346,7,28,161,0.0690167,48,13,552016.8591,0
0,701,5.0511527,0,6.3478303,5.3296614,320.7106018,0.0300481,-0.3605769,7,26,161,0.1665284,46,15,638786.9265,0
0,709,13.9437313,0.125,5.5480585,11.9174786,12.7243547,-0.0459559,-0.0459559,7,27,162,0.1684999,52,10,556161.9629,1
0,709,13.9437313,0.125,5.5480585,11.9174786,12.7243547,-0.0459559,-0.0459559,7,27,162,0.1684999,52,10,556161.9629,1
0,584,4.046659,-0.125,5.9042501,1.3806468,174.8055725,0,0.390625,7,25,162,0.1489538,47,11,702514.3727,0
0,847,10.7093287,0.25,5.1910415,2.8338976,228.5763397,0.0976562,0.0976562,7,26,162,0.2200314,50,15,739127.742,0
1,612,0,0,9.6803436,0,-1,0,0,7,29,162,0.2013745,42,18,673741.0507,0
0,634,4.9319434,0.25,6.2277312,2.9999495,90,0,-0.390625,7,22,162,0.2186444,48,11,671767.6711,0
1,880,12.8168344,-0.125,5.2071137,8.3813801,287.3540344,-0.0919118,-0.0919118,9,29,163,0.1628904,57,15,644139.8033,0
0,549,11.3153114,0.375,5.5984449,5.6567574,225,0,0,7,27,163,0.253451,47,17,712834.7784,0
1,661,6.5799975,-0.25,5.8541651,4.3731394,210.9637604,0.078125,0.078125,9,23,163,0.2123661,53,14,725285.7309,0
0,1462,11.179986,0.25,6.2638736,20.3742638,186.3401947,0.4179688,-0.3632812,9,26,164,0.0932629,54,16,840696.6319,0
0,896,12.1078053,0.375,5.6935835,10.2969704,79.508522,0.4179688,-0.3632812,9,23,164,0.1888261,54,12,670535.2424,0
0,529,14.1541548,-0.125,8.0554724,160.1596375,254.0546112,-0.0737028,-0.4643278,7,30,164,0.2472436,47,11,673723.8489,0
0,945,3.9971669,-0.375,9.4798555,63.7268639,206.5650482,-0.3125,0.078125,7,28,164,0.1236812,48,13,728904.7661,0
0,949,16.6211643,0.5,5.9241066,28.6569519,137.1210938,0.390625,-0.390625,7,30,165,0.2267365,48,17,782408.2823,0
0,903,23.372366,-0.5,6.2740569,87.5977707,229.5139923,0.1186982,-0.2719268,7,25,166,0.2328689,52,11,773528.1097,0
0,774,10.6556234,0.25,5.5364337,6.0206938,85.2363586,0,0,7,28,166,0.2337319,44,11,672535.3906,0
0,813,30.0695095,0.25,7.6348777,685.4854126,183.0940552,-0.3884669,-0.3884669,9,23,167,0.2243738,57,8,841985.6191,0
0,529,23.6427898,0.25,4.6949792,14.0086622,304.8244934,0,0,7,26,167,0.1689343,52,14,515864.1463,0
0,597,21.1414375,-0.125,7.5702806,284.6052551,8.1301012,-0.0316723,-0.0316723,7,28,168,0.1619086,51,11,472736.8945,1
1,839,15.9144135,0.5,7.6615033,168.7936707,170.537674,0.390625,-0.390625,9,26,168,0.1912927,54,9,798310.916,0
0,934,8.5462551,-0.125,7.3003092,31.2569695,152.1027222,-0.078125,-0.078125,7,29,168,0.2203691,50,12,760925.3246,0
0,1106,3.1619606,-0.375,5.6506839,0,45,0.2929688,-0.4882812,7,25,168,0.1372766,44,18,703998.058,0
0,793,22.2418804,0.75,7.0379748,266.9002686,99.1623459,0.3331368,-0.8387382,9,21,168,0.218397,57,12,663569.4226,0
0,578,14.1411104,-0.375,7.1429195,76.5901184,60.2551193,-0.0961538,0.2944711,7,28,169,0.1858819,49,11,595689.5723,1
0,563,13.7160387,-0.125,7.3976922,93.7213669,39.8055725,-0.0384221,0.3522029,7,28,169,0.2125601,49,11,568684.8928,1
0,851,15.0588102,0.125,6.3843408,38.7424622,334.1790161,-0.078125,-0.078125,7,24,170,0.1686295,52,14,565062.3894,0
0,1636,23.6427898,0.125,5.9942622,70.0433121,145.1755066,0.1351351,-0.2554899,9,23,171,0.0709025,56,15,861482.6859,0
0,844,12.2471628,0.375,4.2955475,0,149.7435608,0.15625,-0.234375,7,27,174,0.2303411,51,13,768148.0464,0
